1.87
1.73
1.66
1.73
1.63
1.58
1.61
1.49
1.56
1.98
1.39
1.35
1.49
1.60
1.56
1.54
1.84
1.25
1.80
1.94
1.77
1.77
1.51
1.28
1.09
1.25
1.20
1.21
-0.17
-0.24
-1.11
-1.44
-1.38
-1.80
-0.19
-0.22
0.61
0.52
0.45
0.07
0.95
0.78
0.69
0.50
0.59
0.30
-0.64
-0.59
-0.47
-0.64
-0.95
-1.16
-1.80
-1.76
-0.93
-1.11
-1.21
-1.24
-1.38
-0.53
-0.45
0.07
-0.05
1.09
1.04
1.01
1.11
2.08
2.06
3.62
3.53
4.38
4.14
4.90
4.73
5.60
5.39
6.79
6.51
6.37
6.34
6.81
6.50
7.29
7.26
6.81
6.69
7.48
7.14
7.60
7.27
9.58
9.75
9.51
10.67
10.53
11.02
10.88
11.55
11.53
11.95
12.16
11.93
11.86
13.09
12.94
15.05
14.98
15.78
15.69
17.72
17.60
19.78
19.29
20.68
20.49
20.59
21.32
21.23
22.70
22.50
26.79
26.77
28.26
28.37
28.45
28.63
31.50
30.88
35.40
35.05
36.92
36.87
37.68
37.84
39.22
38.89
40.80
40.87
41.49
41.20
43.90
43.64
43.74
46.18
46.05
49.23
49.08
51.14
51.29
52.63
52.07
54.18
54.01
56.05
55.83
59.36
59.29
61.40
61.16
63.22
63.03
65.42
65.04
67.33
67.12
67.83
67.67
69.77
69.44
71.27
71.08
74.03
73.96
74.01
74.48
74.50
76.40
75.98
76.30
76.38
78.24
78.32
80.45
80.59
82.77
82.56
85.13
85.16
86.76
86.69
88.83
88.76
91.59
91.19
95.36
95.17
97.42
97.08
100.52
100.21
101.84
101.47
104.42
104.26
105.06
104.78
105.96
105.91
107.57
107.38
112.28
111.66
114.48
114.20
117.70
117.63
118.11
117.85
118.70
118.65
121.51
121.33
121.51
121.28
123.40
123.31
124.16
124.23
124.38
123.93
123.67
122.60
122.30
121.58
121.56
123.71
123.53
128.62
128.38
130.44
130.50
133.73
133.72
134.89
135.14
135.53
135.59
134.37
134.37
133.51
133.56
134.39
133.98
135.22
135.01
136.14
135.95
135.91
135.57
137.08
136.76
136.49
136.21
137.08
136.80
137.16
136.75
137.51
137.04
137.94
138.01
137.06
137.04
136.94
136.82
136.92
136.69
137.09
137.35
137.09
141.11
140.05
139.98
140.30
140.50
140.47
143.74
143.66
143.38
143.20
142.27
142.22
141.72
141.63
141.02
140.99
139.72
139.85
140.97
140.45
136.71
136.88
137.73
137.37
135.76
135.69
137.68
137.11
135.67
135.43
133.94
133.42
132.66
132.47
131.60
131.17
131.98
131.69
131.97
131.27
128.90
128.59
127.52
127.05
128.28
128.30
127.46
127.52
124.47
124.19
123.10
122.36
122.62
121.37
121.40
120.92
120.82
119.12
118.93
115.60
115.36
114.27
114.24
112.90
112.94
113.08
113.09
110.91
110.74
108.37
108.30
106.75
106.79
105.59
105.47
103.45
103.01
104.38
104.11
102.65
102.44
101.56
101.40
102.48
102.39
101.54
101.28
99.67
99.46
97.21
96.94
96.04
95.53
93.66
93.14
92.54
92.31
90.32
90.03
88.85
89.06
88.75
85.42
85.51
83.08
83.22
82.98
82.81
80.43
79.95
79.26
79.33
78.98
79.10
76.57
76.30
75.81
75.52
74.25
74.51
70.72
70.55
70.50
70.55
69.56
69.27
68.78
68.54
67.52
67.40
65.34
65.34
65.40
64.35
64.50
63.57
63.38
60.73
60.76
60.05
59.88
58.51
58.18
55.93
55.64
55.55
55.34
58.55
58.34
57.34
57.23
57.80
57.59
54.39
54.34
54.41
53.14
53.42
54.22
53.80
57.68
57.92
59.78
59.59
58.91
58.39
58.84
58.01
57.99
56.38
56.28
56.21
55.00
55.14
55.12
55.03
54.77
54.95
54.48
54.56
54.63
54.72
54.60
52.07
52.02
51.86
50.15
49.72
49.84
50.63
50.50
50.53
51.45
51.40
51.29
51.14
51.07
51.26
54.88
54.95
56.42
56.42
56.43
56.05
55.64
55.97
55.62
55.31
52.47
52.28
53.79
53.96
53.68
54.91
55.29
58.34
58.18
59.47
59.07
59.34
58.72
58.18
57.92
58.98
58.82
60.50
60.24
61.80
61.44
61.20
62.70
62.58
65.02
64.90
66.82
66.82
66.55
66.37
67.24
67.19
68.19
68.23
70.81
70.53
73.08
72.90
73.98
73.56
76.64
76.49
76.43
76.40
79.29
79.01
80.80
80.61
82.67
82.34
83.26
83.03
83.00
84.95
85.30
86.84
86.51
88.66
88.76
90.89
90.74
94.06
94.10
95.76
95.64
97.46
97.46
98.67
98.44
100.52
100.43
102.82
102.51
103.55
103.50
104.90
104.59
105.54
105.65
105.79
105.65
107.07
107.19
107.66
108.87
109.01
110.96
110.77
109.68
109.70
114.48
114.24
114.65
114.43
117.30
117.01
120.68
120.43
121.27
120.88
118.48
118.25
120.42
120.59
124.40
124.30
125.11
124.57
128.05
127.81
127.07
126.77
131.43
131.48
131.98
131.71
134.18
133.89
134.04
135.38
135.52
135.26
135.40
136.30
136.40
138.98
138.96
139.14
139.05
138.37
138.29
139.05
139.17
140.85
140.90
143.48
143.20
146.17
145.84
144.23
143.83
144.99
145.13
147.79
147.55
146.89
146.91
148.54
148.33
148.26
148.14
148.12
147.83
147.40
147.36
148.31
148.43
149.32
148.78
149.53
149.11
149.96
149.61
148.57
148.42
148.11
147.66
147.53
147.33
148.87
148.64
148.04
148.09
147.57
147.22
147.48
146.74
147.22
146.84
146.91
145.58
145.75
146.34
146.39
145.98
145.85
145.23
144.92
143.20
143.14
143.01
143.00
142.15
142.43
138.53
138.51
138.15
137.94
137.06
136.59
137.39
137.06
136.95
136.80
139.17
138.75
136.33
136.05
133.65
133.61
132.17
132.14
132.69
132.59
130.70
130.86
128.07
128.12
126.34
126.01
124.26
124.33
123.85
123.83
123.69
124.09
124.11
124.11
123.60
122.15
122.32
120.88
120.99
120.28
120.33
115.17
115.22
114.20
114.18
112.31
112.14
109.61
109.47
108.63
108.82
107.08
106.79
106.72
106.86
106.24
105.96
105.66
105.70
103.90
103.83
102.77
102.30
100.85
100.61
99.38
99.53
97.72
97.63
96.26
96.21
96.87
96.26
92.80
92.45
89.84
89.49
88.87
88.73
87.38
87.26
83.98
83.74
84.12
83.19
83.40
82.96
82.93
81.11
80.82
77.96
77.89
77.20
76.87
75.29
75.22
72.80
72.69
70.24
69.98
68.54
68.18
67.85
67.43
67.19
66.77
66.72
66.43
66.60
66.50
65.70
65.47
64.92
64.90
63.48
62.95
63.00
61.79
61.84
61.02
60.97
62.05
62.20
62.03
61.89
59.74
59.50
59.27
59.03
58.72
58.48
58.11
58.01
58.05
57.70
57.66
59.17
59.26
59.72
59.60
62.37
62.08
61.11
60.94
60.80
60.43
60.23
58.48
58.60
55.62
55.57
55.34
51.03
51.00
50.88
51.08
50.72
50.72
50.74
50.77
50.79
50.91
50.46
53.92
53.77
53.89
58.37
57.96
58.05
55.08
54.56
54.82
55.74
55.72
56.23
56.16
56.23
55.69
55.64
55.19
54.74
56.83
56.75
57.39
57.14
57.40
58.17
57.59
58.03
57.82
60.19
60.05
59.81
59.52
61.25
60.85
59.59
59.79
60.07
59.79
60.64
61.49
61.30
63.05
62.72
64.90
64.83
66.06
66.08
67.01
66.96
67.27
67.01
67.66
67.40
69.11
68.80
70.29
70.01
72.12
71.72
74.53
74.30
76.95
76.66
78.30
78.63
80.24
80.19
82.32
82.13
82.06
83.48
83.71
83.92
84.00
87.24
87.34
88.64
88.49
89.21
89.18
93.18
93.58
95.03
94.98
96.11
95.74
98.15
98.22
98.36
98.24
99.79
99.64
101.65
101.51
104.07
104.04
105.75
105.42
105.56
105.65
105.54
106.20
106.01
107.52
107.48
109.73
109.58
109.98
109.59
111.85
111.85
113.35
113.04
118.48
118.37
119.36
118.86
120.31
119.95
121.75
121.23
122.58
121.92
122.22
121.94
124.33
124.23
125.53
125.61
126.37
125.98
125.99
128.73
128.61
127.74
127.81
132.76
132.90
133.68
133.37
134.43
134.24
138.88
138.82
137.37
137.27
137.66
137.56
137.21
137.20
139.55
139.19
139.55
139.14
141.44
141.01
141.02
140.78
142.41
142.22
144.04
143.71
144.05
143.85
145.01
144.97
145.75
145.87
145.96
145.66
147.03
146.67
149.65
149.09
149.58
149.40
148.40
148.47
148.73
148.88
148.71
148.57
148.66
147.38
146.69
146.36
146.63
147.10
147.08
147.31
147.26
148.21
148.30
147.76
147.78
147.10
147.19
148.62
148.54
147.83
147.93
145.85
145.94
144.61
144.62
144.43
144.57
143.43
143.22
143.12
142.79
141.13
141.30
140.42
140.28
140.02
139.90
139.24
138.93
138.84
138.37
137.37
137.11
138.01
137.61
137.79
137.51
137.02
136.87
133.20
132.83
133.30
133.20
132.09
132.14
130.27
129.30
129.02
127.60
127.83
125.73
125.65
125.08
125.14
125.30
125.25
122.62
122.88
122.55
122.63
122.82
122.50
121.14
120.95
116.47
116.47
115.57
115.60
113.58
113.21
111.01
111.21
110.65
110.36
109.18
108.94
107.64
107.60
106.22
105.84
106.91
107.01
105.61
105.53
102.88
102.86
101.82
101.51
99.59
99.24
100.09
100.05
97.84
97.54
96.17
95.95
95.05
94.89
92.68
92.76
89.70
89.39
89.49
88.71
88.78
87.85
88.00
84.92
85.09
83.45
83.48
82.98
83.05
80.57
80.56
79.12
78.69
77.65
77.46
75.15
74.96
72.38
71.78
71.03
70.41
69.13
69.06
68.83
68.49
68.90
68.73
67.93
67.76
67.78
66.95
67.08
66.17
65.94
63.98
64.02
62.91
62.58
61.56
61.37
60.37
60.33
60.52
59.98
62.36
62.22
61.84
61.66
60.78
60.40
59.53
59.60
59.43
58.17
58.51
57.34
57.59
59.22
58.93
60.61
60.07
60.85
60.69
61.92
61.82
61.65
61.84
61.85
61.42
61.32
61.42
61.40
61.27
60.90
60.78
60.19
60.11
60.18
59.31
59.19
58.77
58.56
58.81
58.74
58.69
58.27
59.86
59.64
60.05
59.67
60.00
60.92
60.57
60.37
60.43
60.38
60.45
60.30
59.14
59.19
58.44
58.36
58.08
57.94
57.92
57.87
58.84
58.70
60.19
60.30
60.21
61.35
61.63
61.06
61.14
60.21
60.19
59.88
59.62
61.25
61.09
63.00
62.65
64.11
63.81
65.66
65.49
67.21
67.08
67.38
67.55
67.22
67.78
67.93
68.09
68.18
69.39
69.25
70.44
70.39
72.95
72.99
74.81
74.63
77.18
76.95
79.33
79.01
81.42
80.99
82.53
82.32
83.81
84.11
84.12
84.12
87.22
86.95
88.28
88.19
89.54
89.59
89.58
91.41
91.57
94.81
94.84
96.07
96.14
97.35
97.13
98.91
98.98
100.68
100.09
102.32
102.08
104.00
103.79
105.30
105.13
105.54
105.51
105.27
105.21
107.03
106.81
108.23
108.04
110.29
110.17
110.11
110.96
110.75
111.81
111.79
113.27
113.18
115.97
115.71
120.21
120.26
121.32
121.18
121.21
121.32
123.14
122.82
121.42
121.49
124.12
123.74
126.82
126.70
128.02
128.07
125.18
125.06
132.05
131.64
133.18
133.09
133.91
133.73
135.34
134.67
137.68
137.30
138.06
138.36
138.65
137.54
137.63
137.30
137.23
139.43
139.50
140.73
140.57
140.02
140.19
141.44
141.27
142.29
142.43
143.05
143.10
143.79
143.85
145.70
145.72
144.97
144.95
145.61
145.51
148.56
148.09
148.54
148.23
147.86
147.86
148.42
147.78
148.75
148.68
149.13
148.75
149.04
148.57
147.40
147.10
147.41
147.27
147.83
147.45
146.96
146.98
148.75
148.78
145.58
145.54
145.61
145.56
145.46
144.88
144.87
144.35
144.56
142.81
142.79
143.03
143.22
141.33
141.63
140.61
140.40
140.37
140.31
139.53
139.40
138.44
138.06
136.97
137.51
137.72
137.35
137.94
137.70
137.73
137.51
134.81
135.19
132.26
132.00
131.69
131.48
132.28
132.04
129.77
129.65
126.62
126.13
125.91
125.79
124.83
124.62
124.54
124.14
123.83
123.52
122.39
122.18
122.03
121.91
119.62
119.50
117.35
117.25
117.06
114.04
114.37
112.33
112.28
111.88
112.04
110.82
110.79
108.82
108.90
108.00
108.19
106.55
106.32
105.85
105.77
105.35
105.11
104.35
104.19
102.67
103.01
99.66
99.64
99.08
99.05
99.08
98.55
96.80
96.59
95.36
95.15
91.95
92.04
90.08
89.63
89.39
89.20
88.56
88.30
85.04
84.78
83.55
83.46
83.62
83.48
83.34
81.39
81.14
79.10
79.03
78.41
78.60
76.14
76.19
73.01
73.30
71.31
71.36
69.32
69.18
68.88
68.61
67.53
67.43
66.98
66.88
66.93
66.88
65.98
65.91
64.85
64.73
63.86
63.50
63.52
62.34
62.34
60.90
61.25
59.72
59.47
60.75
60.54
62.10
61.99
61.89
61.70
60.26
60.04
59.86
59.72
58.44
58.27
58.41
57.84
58.08
58.27
58.34
58.41
58.46
60.82
60.95
62.18
61.85
61.20
61.14
61.35
61.91
61.92
61.28
61.47
62.01
61.21
61.04
61.21
61.04
61.01
61.09
61.08
61.28
61.09
61.49
61.01
60.31
60.16
60.97
61.56
61.37
60.92
60.85
60.40
60.14
59.24
59.05
58.32
58.17
57.77
57.61
57.51
57.47
57.21
59.01
59.00
60.04
59.71
60.89
60.71
61.92
61.79
60.78
60.43
59.43
59.27
61.06
61.08
61.11
61.87
61.84
62.67
63.01
64.50
64.26
66.27
66.29
66.76
66.86
67.95
67.74
68.09
67.86
68.45
68.24
70.22
70.03
70.44
70.20
73.39
73.16
76.26
76.04
77.13
77.06
79.21
79.14
80.82
80.57
80.40
83.33
83.41
83.53
83.48
84.90
84.56
87.72
87.41
88.69
88.47
89.80
89.65
92.33
92.17
93.82
93.47
95.98
96.19
98.67
98.67
98.75
98.55
99.66
99.62
102.04
101.49
103.07
103.01
103.12
105.20
105.08
105.42
105.47
106.15
105.73
106.72
106.89
108.47
108.37
110.46
110.08
110.75
110.79
110.13
109.99
114.04
113.98
114.91
114.81
117.54
117.14
120.85
120.49
121.72
121.47
122.86
122.53
122.27
121.99
121.99
124.12
123.88
124.56
124.50
127.19
127.21
128.38
128.43
126.13
126.01
130.91
130.79
131.40
131.36
134.79
134.65
136.73
136.88
135.98
136.02
136.78
136.37
136.42
135.98
137.53
137.61
139.59
139.52
140.56
140.68
139.74
139.29
140.50
140.04
140.69
140.35
142.37
142.27
143.24
143.17
142.69
142.84
145.01
144.57
146.44
146.34
146.46
145.66
146.27
146.08
147.43
147.15
147.69
148.42
148.23
147.79
147.83
147.62
147.62
147.26
147.22
147.91
148.11
146.37
146.58
146.86
146.91
145.94
145.44
145.20
145.18
144.42
143.93
143.95
143.64
143.10
142.91
142.69
142.53
141.06
140.85
140.56
140.21
139.45
139.34
141.27
141.32
139.17
139.27
137.37
137.47
136.71
136.43
136.09
136.07
136.73
136.82
135.12
134.96
132.83
132.52
132.45
133.04
133.25
130.96
131.19
130.98
131.19
127.53
127.72
126.17
126.18
124.57
124.87
124.23
124.19
123.48
123.64
121.14
121.16
121.11
121.09
122.03
122.13
119.24
118.93
115.86
116.04
113.75
113.49
112.59
112.24
111.00
110.74
110.08
110.17
108.80
108.75
107.48
107.81
106.20
105.72
106.11
106.01
105.99
105.65
103.85
103.69
102.22
101.82
99.03
98.62
100.47
100.61
99.05
98.58
96.11
96.09
96.00
94.75
94.62
93.61
93.42
89.20
89.54
90.08
89.82
89.04
88.92
84.90
84.73
83.85
83.64
84.05
83.76
81.92
81.82
79.71
79.36
78.86
78.63
76.71
76.64
74.44
74.39
71.78
71.50
70.36
70.44
69.11
69.04
69.11
68.11
68.12
67.71
67.71
67.48
67.27
67.34
67.08
65.56
65.46
64.40
64.04
63.40
63.22
61.89
61.75
60.90
60.82
60.09
59.69
60.56
60.42
62.43
61.92
62.03
61.79
61.96
60.56
60.38
59.69
59.52
58.01
58.18
58.20
57.91
57.72
57.72
58.62
58.29
58.43
58.27
58.27
59.48
59.78
60.43
60.38
61.66
61.44
62.29
61.73
61.73
61.59
61.68
61.27
61.35
61.80
61.46
61.66
61.30
62.01
61.85
61.87
60.59
60.63
59.40
60.00
58.48
58.44
58.37
58.32
57.87
57.73
57.49
57.46
57.35
58.06
57.98
59.41
59.33
59.66
59.62
62.15
61.87
62.06
61.79
60.50
60.28
59.74
59.64
59.69
60.14
60.16
62.22
61.87
62.77
62.65
64.49
64.35
65.35
65.54
67.17
67.00
67.86
67.64
67.85
67.66
68.50
69.16
69.04
69.04
69.66
69.39
72.66
71.86
74.91
75.27
77.91
77.72
77.66
78.18
78.34
80.31
80.37
82.30
82.29
84.35
84.37
83.83
83.76
84.95
85.04
89.27
88.94
89.72
89.35
89.21
89.09
93.53
93.30
95.40
94.98
96.63
96.59
98.22
98.10
99.55
99.38
99.50
101.02
101.51
101.96
101.85
103.97
104.00
105.27
105.08
105.46
105.39
106.41
106.13
106.70
106.46
109.04
108.90
110.11
110.03
110.60
109.72
111.90
111.69
114.08
113.89
114.32
114.32
119.83
119.76
121.40
121.27
121.27
120.61
120.50
121.91
121.87
121.47
121.16
123.59
123.38
124.16
124.21
126.36
126.58
127.50
127.76
127.85
127.45
130.69
130.60
133.85
133.44
132.52
132.30
135.14
134.77
137.21
136.97
137.89
137.56
136.00
135.72
136.62
136.19
139.50
139.38
140.09
139.97
140.40
140.19
139.64
139.46
140.43
140.40
140.33
141.51
141.68
141.85
142.01
143.00
142.91
144.40
144.24
143.31
143.40
143.52
143.62
145.08
145.25
145.14
145.01
145.73
145.75
146.11
145.66
146.27
146.20
146.34
146.34
146.29
145.99
145.04
144.62
144.24
144.17
144.07
143.83
143.46
143.38
143.97
144.19
142.81
142.37
140.78
141.06
140.43
139.97
140.90
140.66
140.12
140.49
139.33
139.45
138.93
138.67
137.75
137.68
137.33
137.09
137.16
137.37
137.56
136.66
136.52
135.48
135.60
134.25
134.18
133.16
133.54
131.10
131.29
131.26
131.26
127.95
127.85
125.94
125.87
124.76
124.71
124.23
124.28
124.62
124.37
123.88
123.78
122.91
122.84
122.51
122.60
119.53
119.55
116.30
116.17
114.93
114.65
113.73
113.61
111.48
111.24
110.41
110.06
109.80
109.51
108.94
108.90
107.15
107.29
105.25
104.80
104.71
104.26
104.33
104.76
104.95
102.50
102.34
101.84
102.10
99.27
99.57
100.35
100.14
98.60
98.74
97.20
96.68
94.89
94.63
92.09
91.95
89.13
89.30
88.76
88.35
88.09
88.21
84.45
84.45
84.00
83.83
84.21
83.86
81.91
81.68
79.72
79.47
78.65
78.72
76.35
76.11
74.37
74.15
74.39
71.26
71.38
70.18
69.84
68.73
68.76
68.56
68.80
67.72
67.62
67.43
67.29
67.27
67.24
65.77
65.68
64.57
64.07
63.47
63.33
62.17
61.99
61.35
61.06
59.83
59.66
59.97
60.76
60.94
61.02
61.11
61.87
61.84
61.21
61.27
60.28
59.78
59.85
59.72
58.60
58.29
58.51
58.22
58.29
58.20
58.10
58.15
57.99
57.99
57.80
58.98
58.69
59.64
59.59
59.41
59.34
59.08
59.90
59.72
59.60
59.69
59.67
59.78
59.52
59.38
59.21
59.00
58.76
58.81
58.60
58.20
58.08
57.82
57.58
58.01
57.98
58.24
58.39
58.50
58.44
59.78
59.72
59.92
59.86
59.66
62.13
62.29
62.17
62.25
61.21
60.89
59.45
59.45
59.98
59.64
61.98
61.70
62.84
62.86
63.79
63.52
63.62
65.65
65.40
66.93
66.98
66.81
66.69
67.86
67.62
68.07
67.98
68.59
68.54
70.03
70.01
70.98
70.86
73.08
72.63
75.71
75.40
77.89
77.73
79.08
78.81
80.42
80.43
82.91
82.67
83.53
83.31
83.45
83.78
83.90
87.03
87.03
88.23
88.17
89.35
89.32
89.54
89.63
93.72
93.82
95.98
95.93
97.09
96.97
98.46
98.24
100.16
100.02
101.47
101.25
102.46
102.13
104.45
104.47
104.71
104.88
104.71
105.75
105.80
106.27
106.17
107.40
107.52
108.57
108.43
110.62
110.65
109.75
109.58
111.53
111.22
112.85
112.59
115.40
115.29
117.54
116.92
120.69
120.68
121.54
120.99
121.16
121.23
122.86
122.82
120.90
120.73
120.94
124.73
124.90
126.10
126.11
127.33
127.60
126.70
126.98
130.82
130.50
132.87
132.45
131.71
132.02
135.36
135.07
137.91
137.59
136.02
135.83
137.73
137.23
136.42
136.05
137.73
137.66
138.30
138.17
139.19
138.86
139.86
140.12
140.12
139.93
140.31
140.16
141.53
141.21
141.06
141.06
142.32
141.89
144.05
143.81
144.99
144.76
144.43
144.12
144.28
144.14
144.31
143.64
144.07
143.93
143.93
144.21
144.42
144.37
144.28
144.16
144.21
144.00
143.91
143.90
143.85
142.03
141.89
142.62
142.50
142.27
141.89
141.68
141.23
139.98
139.81
140.47
140.38
139.66
139.15
139.88
139.78
138.89
138.25
137.09
136.88
136.47
136.14
136.68
136.33
136.90
136.85
136.35
136.19
134.46
134.41
131.64
131.45
131.43
131.26
131.46
131.36
131.64
129.94
130.11
126.15
126.08
126.30
126.25
125.01
125.04
123.60
123.60
123.72
123.64
122.22
121.98
121.77
121.58
121.65
121.70
119.48
119.48
115.76
115.76
114.10
113.39
112.21
112.28
111.88
111.59
110.84
110.81
109.44
109.68
107.50
107.29
106.81
106.75
106.08
105.94
105.89
105.37
104.40
104.19
102.69
102.44
102.03
101.96
100.82
100.71
99.93
99.67
98.43
98.30
96.78
96.61
96.33
93.98
94.15
91.74
91.90
88.64
88.94
89.21
89.27
88.19
88.35
84.42
84.31
83.83
83.57
83.67
83.79
81.99
81.49
80.19
79.79
78.53
78.53
77.53
77.25
75.19
74.95
71.98
71.64
70.32
70.05
69.35
69.14
69.11
67.69
67.74
68.24
67.97
67.60
67.43
66.69
66.91
66.50
66.06
65.18
65.11
64.26
64.00
62.43
62.44
62.05
61.66
60.66
60.64
60.18
60.24
60.38
60.07
62.03
61.91
61.92
62.22
61.87
61.32
61.20
60.00
59.92
59.76
59.52
59.05
58.88
58.36
58.22
58.36
57.98
57.85
57.70
57.70
57.53
57.54
58.01
57.96
58.08
57.87
58.37
58.27
58.22
57.91
58.27
57.89
57.92
57.99
57.77
58.29
57.87
57.82
57.61
58.44
58.11
57.98
57.80
57.49
58.25
58.24
59.45
59.41
59.66
59.50
60.14
60.05
61.99
61.82
61.92
61.73
60.92
60.75
60.75
60.11
60.02
59.12
59.31
61.08
61.18
61.79
61.84
62.82
62.41
64.75
64.45
66.29
65.46
66.89
66.72
67.83
67.59
67.74
67.67
67.92
67.79
69.49
69.40
69.84
69.82
69.82
70.95
70.93
73.53
73.40
75.59
75.67
78.05
77.99
79.34
79.12
80.59
80.52
83.00
82.76
83.79
83.41
83.48
83.38
87.29
87.33
88.63
88.31
89.54
89.25
90.82
90.74
93.98
93.85
93.98
95.59
95.59
96.97
97.04
98.46
98.62
99.69
99.79
101.13
101.13
101.91
101.99
104.12
103.79
104.78
104.73
105.56
105.16
106.15
106.11
106.98
106.70
108.82
108.56
110.48
110.44
110.56
110.18
111.17
110.86
113.46
113.37
113.54
115.08
115.01
116.95
117.01
120.99
120.73
121.44
121.54
121.39
121.27
123.40
123.41
123.62
123.27
124.97
124.47
124.99
124.78
126.44
126.43
127.88
127.53
126.72
126.65
130.72
130.51
133.58
133.40
132.87
132.78
134.81
134.74
137.59
137.27
136.61
136.24
136.16
136.07
136.38
136.73
136.47
136.54
136.82
138.63
138.50
139.57
139.34
140.23
140.42
140.23
140.12
140.23
140.09
140.71
140.49
141.42
141.06
142.34
142.29
142.11
141.99
142.03
141.58
142.03
142.22
142.93
142.65
144.12
143.88
144.09
143.90
142.91
142.43
142.25
141.82
141.65
141.49
142.18
141.82
142.18
142.11
141.92
141.75
140.62
140.64
140.38
140.30
140.31
139.95
140.69
140.69
140.07
139.91
137.53
137.68
137.32
137.70
137.53
136.28
136.11
135.38
135.57
136.49
136.56
137.75
137.75
135.33
135.00
132.82
132.94
132.49
132.37
130.70
130.58
130.63
130.50
128.04
128.07
125.99
126.11
125.18
124.88
125.20
125.16
124.47
124.09
124.14
123.86
122.75
122.50
122.58
122.13
121.54
121.77
119.03
118.86
115.97
115.31
113.82
113.73
112.38
112.00
111.48
111.38
111.40
111.31
109.32
109.58
107.95
107.90
106.69
106.60
106.63
106.01
105.94
104.94
105.13
