2.10
1.53
1.66
1.39
1.39
1.37
1.30
1.70
1.65
1.42
1.63
1.54
1.53
1.54
1.56
1.72
1.65
1.79
1.63
1.72
1.73
1.35
1.54
1.46
1.39
1.73
1.04
0.94
0.83
-0.12
-0.31
-1.35
-1.35
-1.11
-1.16
-0.48
-0.59
0.05
-0.08
0.66
0.35
0.69
0.63
0.87
0.92
0.97
1.08
0.57
0.50
0.45
0.45
0.87
0.73
0.90
1.35
1.49
2.10
2.20
2.44
2.41
2.43
2.43
2.37
2.18
2.13
2.03
1.54
1.66
2.17
1.82
2.01
1.80
2.69
2.48
2.82
2.67
2.72
2.55
2.91
2.44
3.60
3.07
3.88
3.74
3.93
4.14
4.64
4.54
5.14
5.08
6.06
5.94
7.10
6.98
7.92
7.57
8.28
8.23
8.49
8.56
8.37
9.04
9.35
9.30
9.37
9.20
9.13
10.06
10.11
10.67
10.18
10.48
10.72
11.08
10.95
12.33
12.19
12.71
12.69
13.94
13.72
14.95
14.60
15.33
15.22
15.83
15.67
15.29
15.73
16.92
16.66
17.98
17.92
18.70
18.56
19.85
19.53
19.57
20.21
20.23
20.68
20.64
20.89
21.11
23.00
22.88
23.55
23.48
24.07
23.83
25.53
25.32
25.73
25.44
27.00
26.48
27.47
27.26
28.33
28.18
28.21
28.14
29.91
29.70
30.91
30.79
33.68
33.21
35.85
35.66
37.20
37.02
37.98
37.84
38.27
38.31
38.27
39.08
39.19
39.69
39.59
40.61
40.69
40.66
40.68
41.46
41.58
42.91
42.63
42.67
42.74
43.92
43.76
45.46
45.11
45.66
45.46
46.62
46.46
46.70
46.74
48.37
48.18
49.89
49.51
50.05
49.77
50.43
50.32
50.65
50.58
51.48
51.33
52.18
51.98
53.25
53.40
54.58
54.17
55.07
54.93
56.52
56.18
56.40
56.85
56.92
58.20
58.20
60.40
60.45
61.77
61.80
62.44
61.87
62.69
62.70
64.11
63.90
64.56
64.87
64.92
64.99
65.27
65.14
64.76
64.92
64.61
64.18
62.79
62.60
64.09
63.93
64.02
63.60
65.47
65.32
66.37
66.18
66.91
66.69
67.53
67.33
68.07
67.95
68.28
68.14
68.26
67.88
67.92
68.63
68.80
70.55
70.60
71.72
71.88
74.55
74.50
76.42
76.33
76.71
76.80
78.63
78.37
77.87
78.17
77.91
78.08
79.17
79.00
79.12
78.60
80.31
79.90
80.47
80.50
81.53
81.13
80.26
80.12
78.63
78.13
78.44
78.11
78.55
78.43
78.77
78.72
79.85
79.66
79.57
79.67
79.19
80.05
79.64
80.38
80.21
79.83
79.95
81.91
81.68
82.41
82.29
81.85
81.63
83.07
82.82
84.33
84.05
85.51
85.59
86.03
85.84
85.82
85.79
87.36
87.24
87.83
87.08
87.22
87.33
88.11
88.05
87.22
86.96
85.84
85.99
85.70
85.66
86.48
86.56
87.52
87.45
87.69
88.76
88.76
90.72
90.69
90.70
90.67
90.72
90.70
91.85
91.97
91.45
91.48
91.46
91.43
91.97
92.00
91.59
91.50
92.11
91.90
93.61
93.51
92.09
91.85
92.17
91.81
91.59
91.27
90.53
90.01
90.32
90.06
90.58
90.98
89.21
89.51
88.85
88.94
89.01
90.17
90.22
89.70
90.17
90.34
90.74
89.63
89.84
91.08
91.12
92.85
92.69
94.67
94.60
95.03
95.03
96.00
96.30
93.73
93.75
94.63
94.39
94.37
94.10
93.65
93.42
93.46
93.34
94.62
94.39
94.96
94.63
95.10
94.84
95.90
95.78
95.93
95.71
96.47
96.23
95.50
95.52
94.89
94.82
94.86
93.65
93.65
92.76
92.82
92.83
92.88
92.24
91.81
92.42
91.76
93.87
94.36
94.32
94.46
94.50
94.46
94.25
94.20
93.80
93.61
93.63
93.37
94.05
94.13
93.06
92.90
93.39
93.32
93.66
93.44
93.53
93.47
95.38
94.89
95.50
95.45
96.09
95.95
96.94
96.99
95.97
95.55
95.85
94.62
94.70
95.55
95.79
94.91
94.81
95.12
94.96
96.50
96.63
95.95
95.93
96.64
96.45
95.22
95.26
96.52
96.50
96.73
96.07
95.81
95.60
96.12
95.72
96.31
95.83
94.96
94.79
93.98
93.56
94.03
93.75
94.17
94.08
95.21
95.12
95.79
95.74
94.70
94.84
94.82
96.00
96.12
96.38
96.24
95.19
95.33
96.61
97.01
96.56
96.43
96.66
96.42
95.07
95.15
94.08
94.17
96.05
96.24
96.11
96.05
96.23
95.92
97.42
97.09
96.83
96.66
97.35
97.25
97.39
96.37
98.41
98.10
97.30
96.78
98.46
98.20
98.48
97.65
98.03
98.06
98.05
98.01
98.13
97.99
97.96
96.59
96.68
97.20
97.18
97.11
96.90
96.69
96.61
95.78
95.83
96.04
96.04
95.71
95.53
95.46
95.08
95.64
95.33
96.82
96.47
97.42
97.27
96.73
96.73
97.85
97.58
98.17
97.87
97.65
97.37
97.72
97.47
97.77
97.89
97.11
96.83
96.83
96.76
96.64
96.42
96.40
96.16
96.24
97.92
97.91
97.75
97.82
98.46
98.18
98.37
98.55
99.22
99.29
99.08
99.21
98.98
98.39
98.70
98.70
98.01
97.59
99.52
99.38
99.26
98.88
99.95
99.53
100.37
100.33
98.32
98.20
99.22
98.75
99.21
99.36
96.90
96.82
96.83
97.99
97.94
96.57
96.50
96.71
97.04
96.75
96.73
97.42
97.20
98.15
97.98
97.34
97.34
98.63
98.62
99.93
99.88
99.76
99.38
99.45
99.27
99.43
99.07
100.11
99.95
99.55
99.52
99.71
99.59
99.98
100.09
99.72
99.50
99.97
100.09
100.83
100.66
100.23
100.11
100.04
100.24
100.09
100.97
100.76
99.95
100.04
100.99
100.97
100.11
100.16
99.29
99.31
99.14
99.33
99.48
99.08
99.59
99.36
100.00
99.79
99.55
99.41
100.19
99.72
101.40
101.16
100.40
100.31
99.53
99.53
99.41
99.92
99.27
99.29
99.15
99.71
99.93
99.64
99.71
98.81
98.82
99.90
100.28
100.40
100.33
100.26
100.38
100.61
100.45
101.40
101.08
100.35
100.05
99.69
99.60
100.54
100.09
100.31
100.38
100.87
100.85
100.24
100.07
100.33
100.12
99.98
100.61
100.83
100.12
100.16
101.23
101.08
101.34
101.25
100.17
99.90
101.54
101.02
100.42
100.52
100.45
100.12
99.14
99.15
99.15
98.81
99.12
98.96
99.50
99.26
99.33
99.15
99.97
99.92
99.48
99.38
99.43
100.09
100.14
99.52
99.50
99.07
99.12
99.19
99.17
98.81
98.86
98.84
98.82
100.05
99.88
100.61
100.47
99.27
99.15
100.17
100.09
100.56
100.14
100.14
100.57
99.81
99.90
100.24
99.90
99.88
100.49
100.33
99.97
99.97
99.14
98.89
99.08
99.08
100.26
100.02
99.64
99.69
100.23
100.28
100.11
99.92
99.22
99.22
99.03
98.98
99.60
99.08
99.98
99.71
100.35
100.21
99.45
99.07
99.48
99.52
99.36
99.34
99.31
99.41
99.38
99.53
99.31
97.89
97.65
98.63
98.44
98.82
98.69
99.00
98.86
98.18
97.79
98.75
98.65
99.01
98.70
98.48
98.30
99.27
99.14
100.02
99.90
99.24
98.98
98.84
98.58
98.65
100.30
100.38
99.36
99.33
99.67
99.36
98.67
98.10
99.98
99.88
99.15
99.14
99.24
98.88
99.59
99.27
99.71
99.36
99.27
99.38
99.03
98.67
98.39
98.17
98.74
98.53
98.50
98.43
98.36
97.92
98.03
99.67
99.69
98.55
98.51
98.96
98.91
98.91
98.72
98.95
98.60
99.07
98.84
99.34
99.17
98.98
98.98
99.05
98.84
98.20
98.22
99.62
99.24
98.37
98.34
99.14
98.74
100.09
99.71
99.67
99.26
99.19
98.93
98.74
99.05
98.86
99.26
99.38
100.24
100.05
99.19
99.46
100.19
100.02
99.33
98.89
99.41
99.53
100.00
100.04
99.07
99.05
99.69
99.24
99.52
99.22
98.96
99.31
99.62
99.59
99.36
99.17
99.08
98.67
98.79
99.08
98.91
99.21
99.26
98.30
98.17
99.36
99.31
99.69
99.64
99.12
99.00
98.43
98.51
99.36
99.07
99.15
99.00
99.98
99.95
99.62
99.62
99.27
99.10
98.96
99.07
99.29
99.27
99.34
99.33
99.26
98.50
98.44
99.10
98.89
99.27
99.40
99.71
99.21
99.86
100.02
100.05
99.57
99.46
99.24
98.82
99.12
99.52
99.31
99.71
99.24
99.07
98.89
100.24
100.28
100.45
99.97
100.31
100.16
99.93
98.62
99.01
99.95
99.83
100.05
99.67
99.90
99.85
100.05
99.79
99.50
99.62
99.88
99.64
100.04
99.62
99.76
99.71
99.79
99.88
99.64
99.36
100.14
100.09
99.98
99.46
99.76
99.72
99.83
99.92
99.93
99.72
99.88
99.17
99.53
100.33
100.30
99.83
99.90
100.49
100.28
100.78
100.61
100.99
100.75
100.97
100.97
100.88
100.35
101.21
101.23
100.63
100.21
99.83
100.21
99.66
99.74
100.45
100.30
100.47
100.21
100.42
100.37
100.54
99.81
99.78
99.98
99.90
100.05
100.05
99.81
100.07
100.11
99.71
100.11
99.83
100.14
99.98
100.64
100.40
100.78
100.35
99.79
99.81
99.92
99.62
101.28
100.90
99.98
99.74
100.45
100.49
100.52
100.38
100.52
100.59
100.61
100.63
100.88
100.40
100.37
100.95
100.61
101.16
101.08
100.99
100.69
101.11
100.63
101.58
101.20
100.71
100.63
100.95
100.59
101.08
100.69
101.70
101.13
101.21
101.09
101.21
99.78
100.09
100.99
100.99
99.41
99.46
100.31
100.37
100.35
100.30
100.37
100.66
99.59
99.27
99.93
99.95
99.60
99.43
100.14
100.38
99.71
99.67
99.69
99.98
100.35
100.40
100.04
99.85
100.52
100.31
100.33
100.49
100.38
100.02
99.98
99.41
99.76
98.43
98.69
100.04
99.78
100.37
100.16
100.52
100.35
100.61
100.38
100.21
100.42
100.07
100.16
99.57
99.52
99.98
99.60
99.40
99.33
99.43
99.43
99.05
99.27
99.31
99.45
99.50
99.01
99.31
99.29
99.33
100.09
99.41
100.38
100.43
100.05
100.07
99.46
99.29
99.21
99.01
99.57
98.95
99.14
98.93
98.95
98.70
99.90
100.00
100.07
99.88
99.27
99.26
99.05
98.86
100.00
99.59
99.41
99.31
99.50
98.89
98.95
99.33
99.27
98.67
98.69
98.96
98.95
98.91
98.67
100.35
99.79
100.05
99.79
99.60
99.57
100.78
100.31
100.61
100.19
99.62
99.41
99.88
99.66
100.05
100.00
100.40
98.84
98.58
98.81
98.70
98.50
98.48
97.77
97.79
99.03
99.00
99.45
99.40
99.48
99.27
99.48
99.33
99.78
99.38
99.46
99.52
100.07
99.26
99.66
99.33
99.43
99.17
99.24
99.05
99.59
99.43
99.22
99.05
99.22
99.33
99.46
98.98
99.21
99.12
99.01
99.15
98.67
99.29
99.48
99.69
99.50
98.25
97.98
98.88
98.84
98.82
98.41
99.26
99.05
100.04
99.38
99.31
99.36
99.53
99.33
100.09
99.97
99.92
99.74
99.64
99.43
99.48
100.04
100.02
100.43
100.40
98.15
98.20
98.25
98.82
98.46
98.43
99.19
98.74
99.50
99.53
99.59
99.57
100.14
100.02
100.00
100.17
100.42
100.17
99.97
100.12
100.02
100.04
99.79
99.66
99.64
99.14
98.91
99.34
99.19
98.98
98.91
99.85
99.85
99.60
99.40
100.47
100.35
100.40
99.90
99.52
99.36
98.72
98.41
98.77
98.93
99.10
98.74
99.64
99.33
99.14
99.62
99.81
99.81
99.81
99.86
100.14
100.12
100.26
100.61
99.93
100.12
100.21
100.17
99.92
100.69
100.21
100.24
100.16
99.43
99.21
99.60
99.62
99.57
99.55
100.02
99.74
99.48
99.60
100.26
100.12
100.49
100.45
100.61
100.56
100.21
100.26
100.26
99.76
99.92
99.92
99.74
99.85
100.12
99.45
99.21
100.49
99.98
100.26
100.09
100.71
100.40
99.97
99.92
100.82
100.61
100.59
100.52
100.52
100.23
101.14
100.94
100.64
100.38
100.61
100.52
100.50
101.32
101.27
100.95
101.18
101.06
101.34
101.32
101.37
101.14
101.27
100.64
100.59
100.68
100.63
100.38
100.05
100.61
100.38
100.63
100.33
100.61
100.37
100.59
100.50
100.56
100.54
101.56
100.90
101.23
100.90
101.11
100.95
100.90
100.11
100.14
100.14
99.88
100.26
100.35
100.64
100.52
100.63
100.64
100.40
100.26
100.99
100.31
100.07
99.95
100.00
99.60
99.78
99.90
99.97
99.27
100.05
99.86
100.52
100.38
100.45
100.31
100.47
100.23
100.30
100.73
100.64
100.82
101.11
100.19
99.83
100.54
100.87
100.61
100.52
100.50
100.40
100.85
100.42
99.81
99.36
99.74
99.38
99.97
99.83
99.62
99.45
99.48
99.31
100.02
99.78
100.28
99.95
100.12
99.69
99.95
99.33
99.17
99.29
99.67
99.38
99.03
99.46
99.34
99.01
98.86
99.64
99.34
100.07
99.85
99.48
99.48
99.57
99.41
99.36
99.41
100.38
100.30
99.57
99.15
100.11
99.86
99.90
99.62
99.60
99.64
99.71
100.11
100.07
99.98
100.09
100.47
100.61
99.41
99.60
99.31
99.24
98.89
98.79
99.50
99.62
99.29
99.33
100.14
99.69
99.93
100.19
99.22
99.33
99.14
99.15
99.79
99.71
100.40
100.23
100.40
100.16
100.19
100.07
99.95
100.37
99.95
100.35
100.33
100.11
100.16
99.85
99.93
99.43
98.82
98.60
98.50
99.17
98.98
99.71
99.48
99.55
99.29
99.43
99.27
100.07
99.85
100.23
100.24
100.28
99.72
100.47
99.76
99.88
100.17
100.11
99.98
99.83
99.21
99.05
99.19
98.95
99.69
99.88
100.23
100.19
99.62
99.57
100.21
99.97
100.45
100.09
100.00
99.60
99.53
99.59
99.33
99.19
99.05
98.82
98.95
98.48
99.33
99.38
99.19
99.43
99.36
99.85
99.97
99.10
98.93
98.91
98.93
99.34
99.10
98.79
98.91
99.27
99.12
99.48
99.55
100.12
100.02
99.43
99.24
98.56
98.22
98.20
98.17
98.51
98.32
99.41
99.36
99.31
99.46
99.43
99.48
99.64
100.31
100.21
100.23
100.49
99.97
99.93
100.66
100.82
100.12
99.97
99.55
99.29
99.38
99.26
100.12
99.72
100.43
100.33
100.16
99.93
100.45
100.16
100.17
100.07
99.66
99.34
99.45
100.33
100.19
99.74
99.83
99.29
99.08
99.01
99.22
99.41
99.41
99.86
99.40
98.65
98.17
100.24
100.07
100.07
100.16
100.02
99.81
100.31
100.04
100.49
100.66
100.69
100.40
99.88
99.85
99.57
99.64
99.55
99.17
99.52
99.74
99.52
98.70
99.00
99.29
99.59
99.95
99.85
99.46
99.57
99.29
99.40
99.66
99.33
100.12
100.11
99.45
99.40
98.93
98.88
100.00
99.64
99.64
99.50
99.50
99.50
99.50
99.00
99.24
99.85
100.04
100.09
100.12
100.09
100.04
100.23
100.40
100.61
100.69
99.60
99.97
100.54
100.09
100.50
100.30
99.03
99.55
99.79
99.45
99.71
99.78
99.71
99.78
99.92
99.79
100.40
100.21
100.12
99.95
100.19
100.66
100.78
100.17
99.95
100.02
100.40
100.71
100.76
100.40
100.42
101.16
100.94
101.21
101.35
101.11
100.64
100.71
100.42
100.40
100.56
100.63
100.37
100.80
100.35
100.82
100.37
101.51
100.97
100.54
101.16
100.40
100.45
100.45
100.66
100.50
101.32
100.90
101.11
100.69
100.50
100.59
100.45
100.33
100.61
100.56
100.87
100.73
100.75
100.42
100.30
100.24
100.49
100.21
100.76
100.83
100.54
100.49
100.59
100.42
100.71
100.66
100.45
100.17
100.12
100.97
101.01
100.54
100.24
100.56
100.47
100.69
100.63
100.19
100.16
100.33
100.42
100.76
100.45
101.06
100.80
100.66
100.17
100.54
100.07
101.13
100.57
100.56
100.37
100.43
100.49
100.57
100.16
100.14
100.37
100.23
99.55
99.83
99.53
99.41
99.31
99.10
99.52
99.38
99.46
99.29
99.00
98.95
99.15
98.74
99.36
99.08
99.52
99.31
100.02
99.86
100.12
99.76
100.02
99.98
99.24
99.03
99.50
99.03
99.14
98.81
99.00
99.52
99.46
99.26
99.36
99.81
99.64
99.43
99.34
100.00
99.78
100.23
100.66
100.50
100.24
100.64
100.30
100.52
100.35
100.07
99.92
100.02
99.98
100.02
100.02
99.57
99.41
99.55
99.43
99.43
99.52
99.55
99.38
99.43
99.48
99.33
100.19
100.16
100.04
99.88
99.50
99.41
100.24
100.02
100.80
100.59
100.73
100.43
100.31
100.17
100.19
99.69
100.64
100.23
100.66
100.31
100.52
100.21
100.28
99.90
99.90
99.78
100.02
99.55
99.48
99.31
99.29
99.48
99.48
99.90
99.67
99.62
99.41
99.31
99.34
100.37
99.97
100.24
100.02
100.40
100.00
99.41
99.36
99.59
99.14
99.71
99.55
99.52
99.43
99.97
99.71
100.05
100.37
100.42
100.19
100.07
98.88
99.01
98.37
97.98
98.93
98.50
99.95
99.93
100.63
100.43
100.37
100.23
100.35
99.93
99.76
99.27
99.62
99.36
99.48
99.43
99.59
99.86
100.21
99.85
100.05
100.23
100.14
100.14
100.23
100.33
99.92
100.26
100.21
99.62
99.57
99.83
99.74
99.79
99.93
99.62
99.62
99.74
99.85
99.55
99.31
98.77
98.82
98.79
98.98
99.17
98.75
100.23
100.19
100.42
100.28
100.42
100.56
100.75
99.79
99.95
100.05
100.14
99.48
99.33
99.41
99.41
100.17
100.14
98.72
98.60
99.86
99.53
99.71
99.45
99.95
99.83
99.19
99.00
100.00
99.74
99.36
99.45
100.45
99.92
100.28
100.17
100.49
100.43
100.31
99.62
99.43
100.14
100.11
99.43
99.34
99.81
99.88
99.92
99.86
99.52
99.27
99.41
99.45
99.98
99.78
99.72
99.43
99.93
99.74
99.52
99.33
99.92
99.79
99.12
98.74
99.15
99.29
99.34
99.08
99.22
99.17
99.26
99.14
99.52
99.22
99.17
99.92
100.16
99.90
99.78
99.78
99.93
99.92
99.76
99.97
99.98
100.30
100.04
100.57
100.30
100.69
100.31
100.87
100.63
100.64
100.54
101.04
100.95
101.13
100.37
100.11
101.11
100.71
100.47
100.23
100.30
100.28
100.30
100.14
100.87
100.78
100.19
100.14
100.02
100.07
100.82
100.30
100.50
100.64
101.23
100.99
100.99
100.94
100.52
100.26
100.57
100.52
100.69
100.49
100.66
100.50
100.59
99.95
100.09
100.54
100.45
100.85
100.56
101.42
101.39
101.14
100.71
101.40
100.90
100.45
100.35
100.63
100.45
100.73
100.52
100.56
100.04
100.73
100.42
101.65
101.37
100.59
100.45
101.72
101.11
101.34
100.83
100.71
100.73
100.80
101.27
100.88
100.80
100.87
100.90
100.99
100.45
100.68
100.94
101.06
100.43
100.37
100.31
100.16
100.99
100.64
100.38
100.23
100.04
99.81
99.48
99.38
100.28
99.74
100.04
99.76
100.45
99.83
99.79
99.98
99.90
100.14
100.75
99.85
100.00
99.88
99.85
100.35
100.28
99.67
99.45
99.22
99.05
99.74
99.50
99.45
99.15
99.14
98.75
99.27
99.14
99.52
99.46
99.97
100.00
99.92
99.95
99.85
99.86
99.88
99.64
99.55
99.76
99.93
98.91
98.77
99.07
99.01
99.15
98.86
99.05
99.00
99.46
99.46
98.84
98.62
99.90
99.86
99.74
99.27
100.54
100.23
100.24
100.07
100.40
100.17
100.07
99.98
100.19
100.02
100.07
99.55
99.72
99.00
98.93
98.88
98.95
100.02
99.72
100.11
100.11
100.24
99.93
100.09
100.00
100.38
100.16
99.97
99.72
100.00
99.76
99.74
99.57
99.41
99.50
99.53
99.29
100.19
100.43
100.33
100.64
100.59
100.38
100.23
99.85
100.02
99.95
99.83
100.09
99.74
100.63
100.40
100.21
100.12
100.30
100.16
100.24
99.92
99.52
99.55
99.46
99.12
99.55
99.34
100.33
100.16
100.47
100.45
100.31
100.17
100.17
99.95
100.00
99.97
99.92
100.02
99.78
99.55
99.43
99.48
99.67
100.24
99.72
100.16
100.07
99.92
99.79
100.05
99.93
100.38
100.02
100.71
100.47
100.33
100.33
99.78
100.04
100.28
99.76
100.57
100.30
100.19
100.23
100.30
100.28
100.59
100.56
100.30
100.47
100.40
100.11
100.00
100.49
100.37
100.16
100.05
100.14
100.04
99.76
99.85
100.66
100.40
100.24
100.24
99.97
99.57
100.07
99.62
99.08
99.00
98.36
98.46
98.60
98.48
98.39
99.46
99.27
100.19
100.14
99.74
99.79
99.45
99.26
99.90
99.90
100.16
99.85
100.21
100.16
100.33
100.16
100.16
99.86
99.69
99.22
98.89
98.88
99.60
99.66
99.85
99.79
100.12
100.11
100.23
99.88
99.93
99.26
99.52
99.33
99.41
99.45
99.41
99.85
99.88
99.33
99.52
99.57
99.69
100.02
99.76
99.50
99.33
99.98
99.83
100.07
99.72
99.92
99.72
99.59
99.41
100.14
99.98
99.62
99.62
99.50
99.76
99.88
99.19
99.01
99.14
99.01
99.53
99.41
99.41
99.41
99.92
99.71
99.60
99.36
100.28
100.16
100.11
99.83
99.34
99.31
99.19
99.31
100.40
99.98
100.02
100.23
99.81
99.43
99.55
99.33
99.50
99.83
99.90
100.05
100.12
100.14
99.97
100.59
100.49
100.47
100.26
100.94
100.59
100.61
100.28
100.52
100.52
100.94
100.75
101.51
101.25
101.27
100.95
100.95
100.82
100.68
100.78
100.54
100.38
100.63
100.54
100.31
101.30
101.11
100.82
100.76
101.04
100.95
100.61
100.50
100.57
100.24
101.04
100.94
100.61
100.59
100.94
100.99
100.82
100.71
100.95
100.76
101.27
100.75
100.69
100.40
100.78
100.64
101.35
101.18
101.18
101.01
101.04
100.92
100.85
100.26
100.37
100.45
100.42
101.08
100.88
100.52
100.75
100.61
100.47
101.02
100.99
101.21
100.97
100.52
100.31
100.56
100.17
100.43
100.49
100.54
100.42
100.23
100.16
99.93
100.21
100.30
100.35
100.30
99.83
100.05
99.69
99.48
99.46
99.24
99.57
99.74
100.37
100.16
100.04
99.88
99.67
99.48
100.21
100.14
100.02
99.95
99.60
99.15
99.41
99.33
98.86
98.98
99.31
99.07
99.12
99.00
98.91
99.01
98.81
99.50
99.38
99.50
99.62
99.48
99.24
99.67
99.45
100.11
100.02
100.33
100.19
99.66
99.85
99.72
99.41
99.48
99.26
99.38
99.19
99.78
99.53
99.90
99.88
100.26
100.19
100.17
99.98
100.05
99.97
100.05
99.90
99.86
99.92
99.74
100.07
100.07
100.17
100.45
99.60
99.55
100.33
99.98
100.09
99.88
100.21
99.95
100.28
100.26
99.71
99.72
100.09
99.92
100.05
99.83
99.64
99.55
100.11
99.81
99.95
99.60
99.71
99.41
99.53
99.36
99.08
99.34
99.15
99.92
99.88
99.62
99.29
100.95
100.95
100.31
100.49
100.42
100.04
100.04
99.86
100.43
100.23
100.47
100.09
100.52
100.26
100.11
99.93
100.43
100.47
100.38
99.90
100.07
100.40
100.42
100.63
100.05
100.38
100.38
100.09
99.90
100.47
100.31
100.94
100.64
100.49
100.24
100.42
100.12
100.63
100.30
100.47
100.11
100.24
99.83
100.11
99.98
100.02
99.90
99.79
99.92
99.88
99.93
99.93
99.90
99.83
100.28
100.37
100.37
100.33
100.02
99.76
100.09
99.59
100.11
100.14
100.09
99.67
99.79
99.52
100.12
99.71
100.90
100.73
100.59
100.42
100.73
100.35
100.24
100.28
100.99
100.97
101.11
100.38
100.63
100.31
100.42
100.12
100.33
99.85
99.64
100.09
99.98
100.02
100.26
100.11
99.95
99.93
100.00
100.26
100.23
100.09
99.66
100.07
100.00
100.73
100.75
100.35
100.28
99.92
99.79
99.86
99.53
99.60
99.85
99.76
100.24
100.17
100.54
100.56
99.66
99.66
99.67
99.83
99.60
99.45
100.26
99.86
99.71
99.74
99.66
99.27
99.22
98.75
99.45
99.08
98.69
98.89
99.07
98.81
99.41
99.27
99.66
99.48
99.64
99.69
99.90
99.83
99.81
100.02
99.90
99.88
99.83
99.60
99.36
99.14
98.95
99.00
99.24
99.26
99.17
99.90
99.27
99.36
99.14
100.16
99.71
99.95
99.85
100.54
100.49
100.47
100.49
100.21
99.97
99.90
99.90
99.93
99.83
99.50
99.95
99.85
100.09
99.72
99.71
99.88
99.60
99.72
100.09
99.95
100.68
100.17
101.18
100.68
100.88
100.59
100.59
100.63
100.69
100.56
100.63
100.45
101.35
101.34
101.27
101.06
101.34
101.13
101.18
101.42
101.44
100.82
100.68
100.56
100.45
100.49
100.54
100.80
100.99
100.80
100.71
100.11
100.14
100.57
100.33
100.73
100.40
101.35
101.16
101.23
101.21
101.14
101.08
