1.37
1.21
1.27
1.37
1.40
1.27
0.97
1.09
1.28
1.40
1.21
1.68
1.21
1.39
1.18
1.09
1.27
1.18
1.06
1.42
1.27
1.60
1.40
1.40
1.27
1.49
1.32
1.40
1.42
1.53
1.49
1.39
1.32
1.32
1.44
1.44
1.32
1.51
1.11
1.42
1.40
1.37
1.32
1.34
1.30
1.30
1.40
1.27
1.02
1.30
1.06
1.25
1.73
1.39
1.35
0.92
1.47
1.51
1.47
1.44
1.49
1.34
1.54
1.30
1.42
1.35
1.42
1.40
1.35
1.35
1.39
1.25
1.15
1.16
1.42
1.46
1.63
1.23
1.08
1.18
1.27
1.40
1.37
1.28
1.23
1.37
1.32
1.27
1.39
1.27
1.28
1.35
1.25
1.23
1.20
1.35
1.27
1.23
1.30
1.37
1.20
1.02
1.16
1.49
1.34
1.53
1.27
1.18
1.18
1.51
1.21
1.40
1.25
1.28
0.99
1.23
1.08
1.11
1.01
1.27
1.16
0.99
1.09
1.46
1.18
1.21
0.94
1.15
1.16
1.16
1.23
1.04
1.08
1.21
1.32
1.18
1.13
1.09
0.99
1.30
1.39
1.21
1.49
1.18
1.28
1.04
1.18
1.09
1.02
1.04
1.06
0.90
0.04
-0.17
-0.53
-0.74
-1.61
-1.83
-0.85
-0.78
-0.53
-0.74
-0.48
-0.69
-0.22
-0.10
-0.64
-0.90
-0.45
-0.59
0.18
0.21
-0.10
0.07
-0.31
-0.03
-0.19
-0.41
-0.31
-0.66
-0.59
0.16
0.18
0.61
0.50
0.71
0.82
1.44
1.44
2.10
1.87
2.46
2.34
2.88
2.88
3.36
3.03
3.12
2.93
3.48
3.48
3.24
2.79
3.12
2.76
2.95
2.70
2.91
2.63
2.77
2.56
2.46
2.27
2.22
1.91
2.10
2.34
2.56
2.63
2.91
3.55
2.88
3.95
3.85
4.64
4.45
5.72
5.40
6.22
6.11
6.62
6.69
7.33
7.43
7.45
7.40
8.07
7.85
8.54
8.19
8.19
7.83
8.35
7.98
7.45
8.00
7.22
6.98
7.33
7.66
7.47
7.31
7.93
7.86
8.78
8.73
9.32
9.25
9.91
9.80
9.77
10.46
10.62
11.85
11.55
12.07
12.19
12.82
12.78
13.51
13.47
13.60
13.47
13.85
14.13
15.17
15.21
17.16
16.76
17.21
17.40
18.27
18.25
18.36
18.36
19.29
19.07
18.84
18.62
19.12
19.00
19.45
19.19
20.05
19.83
20.23
20.05
20.30
20.02
20.59
20.52
20.97
20.83
21.37
21.21
22.01
22.06
22.03
21.98
22.27
22.74
22.82
23.02
23.02
23.64
23.47
24.04
23.93
24.07
23.95
24.31
24.11
24.68
25.01
25.56
25.34
25.98
25.60
26.15
25.85
26.93
26.77
27.53
27.19
28.14
27.85
28.09
28.21
28.89
28.85
29.21
28.83
30.20
30.08
30.95
30.77
31.55
31.41
32.37
32.04
33.11
33.11
33.11
33.04
33.08
33.39
33.28
33.44
33.56
33.32
33.46
34.29
34.13
34.70
34.70
35.88
35.76
35.79
35.85
36.61
36.64
37.14
36.89
37.39
36.92
37.37
37.30
37.96
37.28
37.68
37.13
36.78
36.68
38.25
38.01
37.87
37.77
38.31
38.15
39.14
38.98
39.60
39.29
39.50
39.40
40.64
40.76
40.64
41.75
41.77
43.31
43.15
43.12
43.05
43.17
43.40
43.64
43.60
43.41
43.55
44.24
44.16
45.13
44.89
45.16
44.82
44.73
44.64
44.38
44.18
45.39
45.21
46.13
45.92
46.65
46.79
47.72
47.62
48.68
48.52
49.11
48.90
48.94
49.70
49.44
50.96
51.31
51.90
51.98
51.57
51.29
52.12
52.12
53.20
53.08
53.87
53.79
54.58
54.39
54.58
54.17
55.34
55.24
56.42
56.21
57.18
57.11
59.03
58.25
59.29
58.53
58.48
58.20
59.26
59.24
59.31
59.03
59.40
59.38
59.93
59.95
59.98
60.02
59.76
60.02
59.93
60.37
60.43
61.42
61.54
62.76
62.53
63.69
63.79
64.63
64.54
66.01
65.63
67.15
66.44
67.19
66.84
68.02
67.69
67.95
67.85
68.64
68.45
68.42
67.88
67.67
67.12
67.36
67.12
67.21
66.82
67.27
67.14
67.22
68.11
68.14
68.24
68.26
69.94
69.77
70.27
70.25
70.84
70.79
72.02
72.04
72.31
72.38
74.06
73.98
76.43
76.02
77.51
77.09
77.89
78.39
77.39
77.37
77.37
77.23
78.05
77.63
79.40
79.26
80.45
80.38
80.56
80.64
81.09
80.88
81.63
81.56
80.87
80.75
80.85
79.69
79.74
77.87
77.73
77.49
78.01
77.80
77.85
78.82
78.86
79.12
79.19
80.00
79.95
80.47
80.16
81.51
81.18
81.96
81.92
82.22
81.84
81.16
80.87
83.53
83.43
83.33
83.07
85.30
85.06
87.36
87.15
87.48
87.41
88.21
88.17
87.98
88.69
88.61
88.99
89.02
88.90
88.95
89.18
89.08
89.92
90.03
87.78
87.60
86.93
87.07
85.77
85.56
86.08
85.99
86.18
86.48
86.55
86.20
88.57
88.30
89.40
89.20
91.12
90.56
90.44
90.29
90.20
90.05
90.50
90.22
91.36
91.19
91.14
91.19
91.71
91.83
91.79
91.66
91.71
91.92
91.98
92.73
92.73
92.42
92.23
92.21
92.42
90.63
90.77
90.70
90.69
89.46
89.70
90.22
90.51
90.43
90.50
91.10
90.81
91.00
90.88
92.30
92.26
93.84
93.51
95.07
94.79
95.34
95.55
95.22
95.00
95.90
95.57
95.41
95.31
94.08
93.92
95.48
95.27
94.44
94.48
94.50
94.36
94.65
94.13
94.41
95.27
95.36
95.67
95.36
95.45
95.26
95.57
95.53
94.79
94.41
92.63
92.71
93.54
93.37
94.15
93.80
93.84
93.58
93.96
93.79
93.46
93.25
92.30
91.79
94.96
94.51
96.07
95.90
96.42
96.19
96.42
96.31
95.71
95.50
96.76
96.45
97.09
95.17
95.67
95.46
95.48
94.96
95.14
96.73
96.97
95.93
96.23
96.30
96.26
98.72
98.39
98.74
98.32
99.79
99.38
98.11
97.92
95.40
94.95
94.77
94.67
94.84
94.74
94.20
94.03
95.22
95.08
96.11
96.09
97.53
97.42
97.59
97.23
98.10
97.94
97.77
97.66
97.14
97.14
97.13
96.12
96.04
95.22
95.07
95.00
94.96
95.19
95.34
94.86
95.10
94.69
94.63
94.39
94.50
95.33
94.96
96.42
96.26
96.94
96.97
97.73
97.08
96.80
96.52
98.37
98.30
97.09
96.63
97.27
97.20
97.06
96.87
96.87
96.87
97.21
97.04
98.05
97.66
98.13
98.22
98.46
98.63
98.44
97.87
98.18
98.79
98.88
97.68
97.68
96.52
96.73
96.56
96.17
95.79
95.60
96.07
96.04
96.71
96.76
97.75
97.61
97.92
97.61
96.59
96.49
97.09
97.16
97.87
97.53
96.63
96.49
96.04
96.04
96.35
96.24
95.88
95.52
96.38
96.38
96.45
95.93
97.34
97.65
97.61
97.47
97.54
97.92
98.10
98.72
98.70
98.56
98.39
99.00
99.00
98.84
98.79
98.41
98.08
97.91
97.66
97.65
97.66
97.92
97.59
96.97
97.23
98.18
97.85
97.85
97.66
97.58
97.20
98.24
98.27
98.11
98.32
98.08
97.70
97.77
97.66
98.58
98.89
97.79
97.44
97.35
97.63
97.65
97.59
97.35
98.50
98.30
98.29
98.25
97.80
97.61
98.05
97.89
97.73
97.87
97.44
97.61
97.59
97.40
97.34
97.27
96.68
96.09
96.37
95.98
96.83
96.64
97.25
96.75
97.92
97.89
98.55
98.27
99.78
99.22
99.52
99.46
99.55
99.38
99.53
99.31
100.31
100.54
100.37
99.59
99.76
98.93
98.82
98.95
98.82
97.89
97.73
98.77
98.65
97.99
98.05
98.69
98.29
98.79
98.30
97.94
97.94
98.63
98.22
98.06
97.47
97.49
97.47
97.04
96.80
98.72
98.69
98.51
98.18
98.27
97.73
97.84
98.51
98.44
98.05
97.99
98.69
98.81
99.38
99.12
99.90
99.55
99.71
99.41
99.15
98.50
99.22
98.91
98.74
98.53
98.11
97.68
99.14
98.88
99.69
99.01
99.24
98.70
100.00
99.72
99.72
100.12
100.12
99.86
99.78
100.05
100.28
99.90
99.76
99.57
99.43
100.21
99.88
98.74
98.82
98.95
98.72
99.43
99.62
100.28
100.26
99.74
99.21
99.95
100.05
100.56
100.14
100.50
100.54
100.49
99.22
99.26
98.69
98.67
98.55
98.37
97.72
97.63
97.92
97.92
98.56
98.25
99.05
98.81
98.75
98.69
100.57
100.31
100.63
100.68
100.24
100.24
99.78
99.59
99.88
99.79
100.56
100.37
99.27
99.12
99.52
100.09
100.02
99.95
99.98
100.78
100.61
100.66
100.11
100.45
99.98
100.21
100.17
100.83
100.63
100.50
100.30
100.59
100.52
100.21
99.85
99.60
99.41
98.32
98.43
98.77
98.82
98.55
98.44
98.86
98.91
99.29
99.46
99.50
99.34
99.45
100.31
100.19
100.43
100.09
100.16
99.85
99.97
99.93
99.53
99.26
99.03
98.75
98.06
97.94
99.19
99.10
100.02
99.85
100.19
99.93
99.57
99.08
100.21
100.19
99.72
99.34
99.52
99.31
99.36
99.01
98.93
99.98
99.86
99.57
99.52
99.31
98.77
99.05
99.03
100.16
99.85
99.64
99.55
99.52
99.52
100.45
100.11
100.07
99.71
100.19
99.95
99.81
99.88
100.56
100.50
100.59
99.69
99.69
98.74
98.67
98.32
98.20
97.75
97.75
98.48
98.48
98.91
98.86
99.60
99.15
98.74
98.18
99.15
99.03
99.71
99.43
99.59
99.19
99.53
99.27
99.24
98.91
98.96
98.74
98.60
98.29
99.74
99.46
99.62
100.11
99.69
99.01
98.63
98.93
98.79
98.86
98.88
98.96
98.96
99.34
99.17
99.69
99.24
99.52
99.24
99.10
98.81
98.91
98.81
98.60
98.37
100.12
100.19
100.14
99.71
99.40
99.07
99.14
99.55
99.34
99.38
99.34
99.72
99.85
100.56
100.68
99.31
99.14
98.93
98.82
97.80
97.75
99.00
98.65
98.69
98.39
99.48
99.72
99.14
98.88
99.24
98.98
98.98
98.84
99.53
99.31
99.10
98.88
100.09
100.26
100.04
98.93
99.15
98.01
97.80
98.43
98.48
99.69
99.33
100.11
99.98
99.64
99.33
99.22
98.95
99.03
98.81
98.41
98.36
99.29
99.17
99.27
99.15
100.07
99.95
98.88
98.81
99.07
99.08
98.89
99.07
99.17
100.02
99.93
100.12
100.05
99.48
99.33
100.02
99.85
99.83
99.50
99.78
99.31
99.72
99.10
100.23
99.55
98.82
98.69
97.85
97.49
98.82
98.63
98.95
98.60
99.52
99.45
99.64
99.38
99.46
99.88
99.78
99.17
99.10
99.48
99.31
99.38
99.08
99.85
100.11
99.50
99.64
99.50
99.29
99.26
99.01
100.07
100.02
100.19
99.76
100.38
99.85
99.67
99.14
99.48
99.45
99.97
99.95
99.83
99.95
100.00
98.89
99.15
99.05
98.86
99.52
99.53
98.67
98.48
98.81
98.43
99.52
99.14
99.81
99.46
100.04
99.83
100.17
99.97
100.23
99.59
99.40
99.10
99.67
99.52
100.02
99.81
99.52
99.60
99.14
98.84
99.12
98.62
98.60
99.15
99.29
99.33
99.24
99.48
99.40
99.48
99.55
99.36
99.10
99.36
99.36
99.66
99.36
99.27
99.08
100.05
99.74
99.27
99.24
100.00
99.92
100.33
100.17
100.56
100.28
100.28
99.81
99.85
99.34
99.08
99.38
99.31
99.60
99.55
99.79
99.66
99.52
99.40
99.53
99.31
100.19
99.93
99.05
98.96
98.95
98.65
100.14
99.74
100.21
99.95
99.57
99.52
100.24
100.05
100.16
100.04
100.57
100.42
100.12
99.76
99.52
99.97
100.02
99.50
99.59
99.53
99.33
99.22
99.34
100.52
100.16
100.16
100.00
100.31
100.33
99.66
99.48
100.07
99.95
100.05
100.02
100.02
99.78
99.52
99.48
100.02
99.93
99.41
99.86
100.00
99.05
98.89
99.00
98.86
99.46
99.67
99.83
99.57
99.81
99.76
100.33
100.00
100.61
100.47
100.11
99.76
99.90
99.52
99.21
99.41
99.71
99.14
99.50
99.34
99.14
99.12
99.64
99.34
99.40
100.00
99.78
98.69
98.50
100.05
99.69
100.56
100.30
99.53
99.53
99.97
100.24
100.24
99.95
100.73
100.40
99.64
99.31
98.79
98.25
99.41
99.36
99.43
99.26
99.01
98.79
99.05
98.70
98.82
99.21
99.43
99.38
99.57
100.04
99.86
99.21
98.88
99.33
99.41
99.67
99.78
99.69
99.46
99.93
99.88
99.83
99.53
100.14
99.72
100.19
99.95
99.57
99.15
100.02
99.67
99.62
99.46
99.21
99.19
98.48
98.36
98.55
98.95
98.81
98.46
98.43
98.88
98.79
98.91
98.91
99.46
99.21
99.33
99.41
100.12
99.97
99.29
99.45
99.33
99.26
99.34
99.21
100.05
99.79
100.56
100.16
99.64
99.24
99.88
99.67
99.81
99.57
99.36
100.63
99.93
99.83
100.00
99.86
99.78
99.50
99.46
99.83
99.92
99.52
99.15
100.23
99.92
99.57
99.41
99.59
99.55
99.69
99.48
99.03
98.62
99.52
99.55
100.56
100.47
100.49
100.23
99.90
98.81
99.00
99.38
99.14
99.24
99.10
98.95
98.93
99.22
99.15
99.59
99.38
98.82
98.91
99.34
99.22
99.05
98.81
100.00
99.92
100.05
99.76
98.58
98.93
99.33
99.26
99.48
99.27
98.96
98.98
98.74
99.53
99.34
99.81
99.83
99.46
99.36
99.53
99.33
100.04
99.26
100.30
99.85
99.71
99.57
99.66
98.96
99.41
99.21
99.62
99.29
99.31
99.15
99.50
99.10
100.24
100.64
99.97
99.92
100.00
99.64
99.66
99.50
99.60
99.64
99.83
100.02
100.21
100.04
100.00
99.12
99.05
99.31
99.60
99.59
99.38
100.11
99.46
99.67
99.53
99.34
99.38
99.41
98.95
99.14
99.00
99.22
99.10
100.42
100.30
100.30
99.90
99.92
99.93
99.95
99.57
99.50
99.24
99.29
99.40
99.52
100.05
100.31
99.97
99.97
100.30
99.74
100.02
100.04
99.72
99.50
99.60
99.12
99.98
99.98
99.22
99.22
99.60
99.31
100.12
99.97
100.02
100.23
100.09
98.58
98.79
98.88
98.98
99.69
99.78
99.71
99.71
99.38
99.17
99.52
99.50
100.56
100.54
100.47
100.43
100.16
100.19
99.45
99.10
100.38
100.17
99.97
99.88
99.26
99.03
100.16
100.21
100.30
99.17
99.03
99.48
99.60
99.15
99.40
99.88
99.60
99.60
99.27
98.50
98.39
99.53
99.27
99.90
99.62
99.74
99.81
99.53
99.22
99.93
99.48
99.24
99.19
99.95
99.72
100.33
99.92
99.86
99.67
99.83
99.53
99.57
99.78
99.74
99.90
99.78
99.53
99.55
99.76
99.52
100.04
99.74
99.27
99.33
99.71
99.57
100.37
100.05
99.60
99.29
99.52
99.41
99.97
99.97
100.14
100.02
99.45
99.12
99.46
99.38
99.19
100.02
100.02
99.57
99.92
99.14
99.08
99.62
99.41
100.43
100.11
100.11
99.83
100.02
99.78
99.95
99.71
99.97
100.02
99.52
99.21
99.29
99.10
100.07
99.72
100.19
99.95
99.45
99.24
99.34
99.12
99.07
99.52
99.52
100.05
100.24
99.53
99.93
99.76
99.67
100.12
100.12
99.24
99.26
99.21
99.10
99.57
99.34
100.21
100.38
100.00
99.50
98.70
98.05
99.88
99.69
99.79
99.48
99.60
99.55
99.64
99.93
99.86
100.31
100.40
100.47
100.64
99.50
99.36
99.15
99.14
99.52
99.24
99.60
99.36
99.10
99.38
99.21
98.98
99.66
99.33
99.43
99.50
99.14
99.14
99.52
99.38
99.76
99.52
100.30
99.62
100.02
99.79
99.79
99.92
99.72
99.97
99.90
99.78
99.83
99.24
99.01
99.60
99.83
100.47
100.71
100.11
99.92
99.69
99.33
99.50
99.10
99.46
99.33
99.14
98.74
99.41
99.40
99.29
99.12
99.83
99.74
99.81
99.79
99.78
100.04
99.98
100.16
100.05
99.97
99.79
99.59
99.79
100.31
99.69
100.16
99.92
99.52
99.41
99.36
98.96
99.83
99.90
99.14
98.88
99.50
99.40
99.36
99.17
99.34
99.10
100.66
100.31
100.23
99.90
99.74
100.49
100.47
100.04
100.09
99.98
100.02
98.95
98.98
98.48
98.60
98.89
99.19
98.98
98.65
100.02
99.74
100.56
100.31
100.75
100.35
99.90
100.00
100.47
100.19
100.00
99.71
99.55
99.46
99.34
99.19
99.01
99.72
99.53
99.45
99.36
99.43
99.48
99.66
99.34
100.09
99.74
100.07
100.09
100.16
99.86
99.66
99.43
99.72
99.52
100.35
99.64
99.71
99.52
99.26
99.19
99.05
99.31
99.57
99.34
99.45
99.34
99.66
99.24
99.48
99.59
99.60
99.88
99.97
99.97
99.86
99.83
99.92
100.31
99.97
99.92
99.83
99.21
98.93
99.22
99.17
98.96
98.69
99.17
98.96
99.43
99.19
100.30
100.07
100.64
99.55
99.40
100.11
100.23
100.35
100.26
99.38
99.34
99.46
99.81
98.77
98.96
99.93
99.43
99.59
99.46
99.67
99.46
99.74
99.57
99.41
99.08
100.28
99.67
100.69
100.71
100.78
100.28
100.56
100.35
100.00
99.95
100.02
100.04
99.97
99.78
99.97
99.83
99.83
99.33
99.12
99.36
99.40
98.84
98.62
99.59
99.59
99.95
99.74
99.22
99.07
99.50
99.21
99.55
99.12
99.64
99.33
99.22
98.93
99.69
99.29
99.46
99.97
99.45
99.85
99.88
99.27
99.60
99.40
99.00
99.98
99.79
99.08
98.95
99.88
99.76
99.26
99.17
99.66
99.36
98.67
98.98
99.55
99.24
99.55
99.01
99.34
99.12
99.53
99.55
99.53
99.10
99.05
99.48
99.59
99.29
99.76
99.34
99.50
99.78
99.67
99.55
99.60
99.46
99.53
99.00
98.95
100.05
99.78
99.38
99.22
99.46
99.08
99.43
99.19
99.46
99.55
99.19
99.40
99.93
99.74
100.37
99.85
99.92
99.15
99.21
99.52
99.40
99.38
99.21
99.14
99.19
100.28
99.76
99.60
99.33
98.98
98.70
99.22
99.05
99.40
99.15
99.59
99.40
99.48
99.66
100.23
99.86
99.95
99.76
99.64
99.10
99.46
99.34
99.38
99.72
99.67
99.66
99.67
99.86
99.67
99.14
98.91
99.53
99.78
99.83
99.95
99.53
99.52
99.59
99.19
99.57
99.26
99.97
99.66
99.31
98.77
99.05
98.98
99.52
99.48
99.40
99.36
99.50
98.96
99.29
99.17
99.19
99.29
99.33
99.71
99.33
99.21
99.19
99.14
99.05
100.11
99.59
99.62
99.36
99.62
99.29
100.09
99.86
100.19
99.79
100.07
99.76
99.29
99.43
99.93
99.98
100.09
99.41
99.38
99.05
98.95
99.07
98.96
99.33
99.41
99.95
99.79
99.07
99.03
99.57
99.62
99.97
99.85
99.43
99.43
99.59
99.53
100.16
99.69
100.56
100.37
100.37
100.11
100.02
99.67
100.24
100.16
100.05
99.97
99.92
100.14
99.93
99.88
100.05
99.38
99.15
100.02
100.00
99.76
99.66
99.29
99.01
100.05
100.05
100.02
100.00
100.21
100.00
99.97
99.93
100.37
100.21
100.12
99.95
99.85
99.78
99.14
99.01
98.91
98.72
98.96
98.84
98.88
99.43
99.59
100.02
100.00
99.36
100.00
100.40
100.40
100.00
100.05
100.07
99.62
99.50
98.86
99.72
99.31
100.00
99.74
99.52
99.22
99.41
99.19
99.53
99.38
100.09
99.83
100.00
99.97
99.83
99.83
99.93
100.49
100.40
100.21
100.24
100.12
99.93
99.60
99.69
99.60
99.33
100.07
99.74
99.76
99.53
100.19
99.83
99.45
98.98
99.92
99.71
99.90
99.86
99.92
99.98
100.07
100.16
100.35
100.04
99.79
100.11
100.26
99.90
99.93
99.14
99.08
98.77
98.75
98.77
98.81
99.31
99.08
100.24
100.02
100.12
100.23
99.78
99.34
100.23
99.93
100.12
99.76
99.40
99.26
99.92
99.79
99.72
99.88
99.88
99.29
99.69
99.24
99.41
99.71
99.83
100.26
100.09
99.90
99.76
100.42
100.43
100.11
99.86
100.12
100.17
100.37
99.85
99.86
99.72
99.24
98.69
99.95
99.71
99.55
99.29
99.40
99.40
99.43
99.26
99.15
99.29
99.43
99.52
99.41
99.19
99.34
99.36
99.62
99.81
99.90
100.49
100.38
100.16
100.04
100.04
99.98
99.93
99.92
99.92
99.71
100.17
99.92
99.29
99.59
99.81
99.88
99.55
99.12
99.27
99.01
99.12
100.07
100.09
99.29
99.17
99.55
99.34
99.08
99.21
99.46
99.40
99.03
98.81
99.24
98.81
99.21
99.00
100.23
100.16
100.02
99.76
99.07
99.03
99.36
99.36
99.67
99.69
99.85
99.40
99.85
99.15
99.24
99.01
98.91
99.50
99.40
99.46
99.22
99.79
99.90
99.26
99.10
100.12
99.85
99.71
99.62
99.85
99.79
99.74
99.48
99.69
99.29
100.00
99.72
99.36
99.34
99.21
99.07
98.84
98.88
99.34
98.95
99.15
99.34
98.91
100.24
100.12
99.41
99.40
99.76
99.76
99.83
99.92
100.02
99.81
99.52
99.53
99.34
99.31
100.07
99.31
99.62
99.34
99.36
98.98
99.48
99.08
99.85
99.67
99.72
99.38
99.29
99.97
99.72
99.74
99.67
99.40
99.40
99.29
99.31
99.45
99.19
98.95
99.29
99.26
99.31
99.40
99.26
99.60
99.17
99.24
99.17
99.86
99.97
99.33
99.01
99.97
100.43
100.05
99.85
99.53
99.41
99.07
99.85
99.74
98.79
98.60
99.12
99.34
99.00
99.19
98.91
99.10
98.89
99.01
99.48
99.22
99.90
99.98
99.95
99.69
99.85
99.66
99.53
99.03
100.16
99.93
98.81
98.79
98.50
98.58
98.41
99.14
99.01
98.74
99.05
99.14
99.46
99.88
99.78
99.97
99.69
100.35
100.23
100.19
99.93
100.83
100.17
100.09
100.17
100.50
100.59
99.40
99.29
99.69
99.46
99.31
99.24
99.57
99.40
98.91
99.00
99.93
100.05
99.72
99.83
99.86
99.97
100.00
100.23
100.05
100.38
100.14
99.38
99.45
100.49
100.21
99.07
98.75
99.78
99.33
99.40
98.91
99.64
99.43
100.19
99.93
100.05
99.88
100.21
99.90
100.26
99.98
100.07
99.93
99.71
99.43
99.55
100.12
100.00
99.46
99.22
99.74
99.72
99.60
99.00
98.93
98.65
100.00
99.76
100.12
99.85
100.19
99.88
100.05
99.79
100.17
100.09
100.04
99.92
100.00
99.72
99.92
99.95
99.85
98.81
98.84
99.78
99.85
99.66
99.69
99.17
98.93
99.93
100.04
99.78
99.90
100.24
99.78
99.86
99.86
100.14
100.12
100.37
100.05
100.07
99.79
100.19
100.11
99.33
99.01
99.33
99.14
99.52
100.07
99.60
100.02
100.17
99.50
99.34
99.88
99.76
99.74
99.66
99.88
99.74
99.86
99.79
100.05
99.62
99.19
99.19
99.57
99.55
99.66
99.26
98.84
98.74
100.40
99.71
100.05
99.95
99.93
100.21
100.07
99.64
99.60
99.62
99.74
99.76
99.85
100.19
100.04
100.12
99.90
99.31
99.60
100.28
99.93
100.09
99.64
99.72
99.43
100.17
99.85
99.85
99.33
100.04
99.40
100.38
100.02
100.02
99.76
99.95
99.62
100.07
99.95
100.40
99.41
99.29
99.34
99.22
99.97
99.71
99.72
99.33
100.19
100.26
100.42
100.14
100.12
99.79
99.71
99.57
99.81
99.79
99.81
99.31
99.36
99.26
98.65
98.70
99.43
99.15
99.40
99.26
99.43
99.31
99.24
99.34
99.36
99.85
99.81
99.53
99.81
100.23
99.90
99.31
99.01
99.86
99.71
100.12
99.78
98.88
98.93
99.24
99.00
98.96
98.81
98.93
99.07
99.07
98.95
98.95
98.67
99.85
99.81
99.78
99.24
99.45
99.53
99.57
99.14
99.48
99.83
99.64
99.81
99.69
99.36
99.01
99.10
98.82
99.17
98.91
99.40
99.24
99.26
99.00
99.78
99.76
99.69
99.22
99.40
99.29
99.45
99.52
100.07
99.62
99.88
99.78
99.62
99.52
99.00
99.59
99.60
99.55
99.41
99.38
99.43
99.62
99.27
99.60
99.48
99.66
99.38
99.59
99.50
99.98
99.71
99.52
99.27
99.86
99.85
99.59
99.26
99.41
99.24
99.29
99.27
99.36
99.41
99.45
99.41
99.34
99.10
99.08
99.93
99.79
99.40
99.46
99.55
99.08
99.43
99.50
99.55
99.15
100.24
99.69
99.03
98.60
99.08
98.84
99.26
99.33
99.72
99.38
99.03
99.29
99.71
99.67
99.43
100.02
100.19
99.38
99.19
99.33
98.91
99.46
99.26
100.02
99.92
99.07
98.86
99.31
99.33
99.22
98.96
99.03
98.74
99.19
98.81
99.64
99.12
99.98
