1.16
1.54
1.82
1.44
1.47
1.47
1.49
1.13
1.46
1.75
1.72
1.54
1.25
1.56
1.34
1.47
1.37
1.44
1.32
1.49
1.34
1.44
1.44
1.30
1.32
1.49
1.42
1.34
1.56
1.61
1.46
1.39
1.44
1.37
1.40
1.28
1.35
1.39
1.30
1.34
1.47
1.27
1.53
1.47
1.60
1.28
1.65
1.35
1.49
1.18
1.49
1.27
1.65
1.37
1.51
1.32
1.51
1.34
1.44
1.09
1.35
1.25
0.99
1.49
1.56
1.28
1.30
1.21
1.27
1.40
1.34
1.32
1.35
1.25
1.34
1.25
1.42
0.94
1.27
1.23
1.13
1.35
1.28
1.30
1.11
1.46
1.18
1.30
1.20
1.46
1.18
1.37
1.06
1.53
1.35
1.53
1.21
1.34
1.25
1.49
1.15
1.47
1.28
1.51
1.35
1.56
1.32
1.42
1.16
1.37
1.28
1.42
1.30
1.37
1.27
1.32
1.15
1.13
1.35
1.44
1.18
1.25
1.30
1.15
1.40
1.37
1.32
1.32
1.27
1.23
1.47
1.51
1.47
1.27
1.42
1.18
1.32
0.95
1.35
1.09
1.47
1.11
0.94
1.18
1.09
1.06
1.53
0.92
1.34
1.20
1.53
1.42
1.39
1.20
1.25
1.11
1.46
1.34
1.63
1.32
1.51
1.87
1.77
1.27
1.08
1.28
1.30
1.30
1.02
0.76
0.76
0.45
0.35
-0.55
-0.52
-0.71
-0.59
-0.45
-0.66
-0.47
-0.53
-0.66
-0.86
-0.92
-0.88
-0.67
-1.00
-0.53
-0.59
0.05
-0.17
-0.07
-0.38
-0.29
-0.10
-0.10
-0.19
0.00
0.00
-0.02
0.02
0.14
0.05
0.23
-0.55
-0.66
-0.85
-0.78
-0.31
-0.12
0.07
0.16
0.31
0.23
0.09
0.19
0.87
0.57
0.54
0.69
0.83
0.80
0.83
0.50
1.08
0.80
0.92
0.68
1.23
0.92
1.53
1.27
2.05
1.60
2.03
2.05
1.58
1.63
1.70
1.54
1.87
1.70
1.75
1.73
2.11
2.18
2.93
3.08
2.79
2.91
2.81
3.53
2.91
3.59
3.69
3.14
3.29
3.71
3.74
4.54
4.45
5.11
4.99
5.68
5.77
6.01
5.79
6.62
6.37
6.34
6.34
6.67
6.53
6.91
6.88
7.36
7.08
7.22
7.02
7.62
7.66
8.19
7.86
8.14
8.33
8.90
8.61
9.58
9.32
10.08
9.98
10.24
9.98
10.29
10.34
10.03
10.24
10.37
10.10
10.34
10.89
10.72
10.91
10.84
11.12
11.26
11.29
11.33
11.71
11.57
12.02
11.83
11.78
12.00
12.30
12.16
12.85
12.95
12.90
12.73
13.23
13.11
13.46
13.35
13.61
13.40
13.66
13.85
13.44
13.11
14.22
14.03
14.31
14.25
14.11
13.91
14.76
14.63
14.72
14.93
14.84
15.21
15.00
15.55
15.57
15.71
15.69
15.59
15.85
16.64
16.61
17.02
17.01
17.34
17.46
17.85
17.70
18.79
18.77
18.63
18.55
18.53
18.36
18.86
18.70
19.36
19.19
19.27
18.93
19.15
19.03
19.33
19.05
19.02
18.89
19.05
19.41
19.97
19.71
20.09
19.97
20.28
20.09
20.82
20.49
20.76
20.40
20.38
20.56
20.38
20.92
20.69
20.59
20.35
21.35
21.30
22.36
22.62
22.44
22.43
23.00
22.70
22.55
22.63
22.91
22.93
23.60
23.50
24.18
24.26
25.23
24.95
25.85
25.54
26.63
26.51
26.51
26.03
26.41
26.34
26.56
26.53
26.76
26.67
26.72
26.13
25.77
25.75
25.85
25.61
25.77
26.50
26.76
27.86
27.62
28.64
28.73
29.70
29.46
29.49
29.61
29.70
29.63
29.84
29.91
30.84
30.36
31.72
31.36
33.18
33.14
33.75
33.27
34.29
33.92
34.81
34.58
35.27
35.21
35.43
35.64
36.31
36.00
36.68
36.47
37.65
37.54
38.18
37.70
38.37
38.20
38.96
38.95
39.08
39.03
39.72
39.76
40.23
40.19
40.18
41.30
41.47
41.82
41.80
41.68
42.08
42.27
42.22
42.27
42.31
41.99
42.32
42.91
42.74
43.19
43.15
43.71
43.62
44.59
44.57
45.68
45.47
45.91
45.92
47.12
46.86
47.34
47.12
48.24
47.92
47.41
47.10
47.92
47.97
48.38
48.21
48.26
47.92
48.12
47.81
48.05
47.93
48.07
48.18
48.18
49.16
49.20
50.08
49.96
50.06
49.94
51.00
51.15
53.06
52.99
52.99
52.99
53.58
53.42
54.72
54.46
55.31
55.22
55.67
55.98
55.55
55.45
56.47
56.47
56.43
56.09
58.08
58.13
57.91
57.65
58.34
58.20
56.47
56.04
56.35
56.28
57.94
57.98
56.33
56.04
55.53
55.27
56.00
55.71
55.76
55.90
55.93
58.08
58.11
59.40
59.41
60.14
60.12
60.71
60.64
61.46
61.42
62.15
61.68
62.46
62.10
62.60
62.53
62.65
62.37
62.76
62.46
62.89
62.65
64.09
63.83
64.26
63.79
65.06
64.85
66.58
66.34
66.81
66.50
65.27
65.08
66.30
66.22
66.03
65.82
66.44
65.94
66.89
66.65
66.81
66.74
66.46
67.33
67.22
67.95
67.72
67.88
68.11
67.83
67.83
69.01
68.95
69.16
69.25
69.80
69.27
70.13
69.92
69.58
69.20
69.20
69.30
68.78
68.59
69.44
69.51
71.03
71.38
71.74
71.66
71.12
70.72
71.78
71.71
73.13
73.14
73.11
72.94
73.14
74.17
74.25
74.81
75.03
74.22
74.65
74.34
74.22
74.60
74.60
74.96
74.81
75.00
74.63
77.21
77.06
78.51
78.30
78.70
78.18
79.05
79.03
80.17
79.90
79.88
79.71
80.00
79.48
79.15
78.82
79.59
79.83
81.16
80.97
81.98
81.82
82.41
82.41
82.44
82.74
82.63
83.27
83.60
82.51
82.41
81.84
81.87
81.23
81.46
81.09
81.23
81.34
81.04
80.45
80.45
81.18
81.08
81.58
81.35
82.65
82.51
83.38
83.05
84.95
84.75
85.14
84.99
88.12
87.92
85.91
85.32
85.59
85.58
87.31
87.45
87.55
87.38
87.78
87.66
87.69
87.40
87.14
88.26
88.49
90.18
90.53
90.11
89.68
90.05
90.67
90.98
90.77
90.30
90.08
89.32
89.28
89.58
89.59
88.19
87.98
88.66
88.21
87.76
87.67
87.34
87.15
89.40
89.14
89.89
89.70
90.58
90.10
89.96
89.89
89.82
89.72
88.76
88.87
89.61
89.53
89.51
91.14
91.21
91.92
91.97
93.66
93.56
94.18
94.06
93.99
93.89
94.20
93.87
95.17
95.33
94.67
94.62
94.48
94.29
92.69
92.45
91.55
91.36
91.31
90.95
90.86
90.55
92.00
91.71
92.73
92.43
93.18
92.92
95.08
94.74
96.31
96.21
96.31
96.75
96.82
96.71
96.61
96.30
96.28
95.52
95.14
95.38
95.29
94.58
94.56
93.91
94.06
92.66
92.78
93.89
93.96
93.37
93.40
94.67
94.32
95.53
95.34
95.19
95.07
94.39
94.22
94.44
94.41
93.87
93.49
93.80
93.68
94.48
94.24
94.95
94.27
94.86
94.37
96.14
95.95
97.70
97.47
98.50
98.41
97.87
97.58
97.51
97.47
97.70
96.61
96.54
96.88
96.68
96.00
96.07
97.06
97.30
97.04
96.88
96.19
96.04
96.26
96.69
97.39
97.21
95.98
95.79
96.57
96.76
97.11
96.83
94.96
95.14
94.58
94.43
95.21
94.67
94.96
94.98
95.03
94.93
95.19
94.86
96.47
96.12
96.64
96.21
96.31
97.32
97.66
97.47
97.59
97.46
97.23
97.63
96.95
96.87
96.80
97.39
97.30
96.33
96.12
96.17
96.26
96.24
96.30
96.09
96.09
96.83
96.63
96.63
96.43
98.15
98.03
98.48
98.25
97.98
97.65
97.42
97.46
98.13
97.87
98.72
98.56
98.17
98.10
98.30
98.13
97.65
97.47
97.66
98.67
98.81
97.94
97.66
97.68
97.87
97.47
97.63
98.18
98.03
98.13
97.82
96.59
96.78
96.40
96.14
95.83
95.53
95.90
95.67
96.40
96.43
96.94
96.94
98.13
97.89
96.05
96.42
97.99
97.28
97.34
97.58
98.18
98.01
99.19
98.65
98.93
99.03
98.95
99.01
97.40
97.23
97.40
97.68
97.85
97.87
98.20
97.66
97.80
98.91
98.98
98.46
98.15
98.77
98.77
99.22
99.36
98.22
97.82
99.27
99.29
99.17
98.55
98.03
97.23
98.18
97.79
98.13
97.73
97.28
97.35
98.05
97.92
97.56
97.49
98.37
98.32
98.70
98.30
98.60
98.81
98.58
98.15
97.96
97.65
97.82
98.32
98.51
97.92
97.87
96.92
96.94
97.96
97.89
98.53
98.37
99.15
99.05
98.86
98.58
99.00
99.05
99.41
99.01
99.69
99.01
99.34
99.24
100.47
100.16
98.70
98.79
98.32
98.05
97.94
97.72
99.21
99.00
99.07
98.70
99.36
99.24
99.15
98.93
99.41
99.24
99.40
99.81
99.98
100.02
99.83
99.97
100.11
99.71
99.81
98.03
98.15
98.95
98.89
97.59
97.59
98.58
98.36
99.14
98.88
98.30
98.30
98.70
98.43
98.60
98.51
97.91
97.53
98.46
98.18
98.34
98.13
98.36
98.25
98.06
97.72
98.39
98.27
98.63
98.75
100.31
100.12
99.55
99.41
99.62
99.57
99.41
100.09
99.86
99.38
99.33
100.11
100.12
99.38
99.46
99.66
99.76
99.29
99.01
98.82
98.46
99.62
99.41
99.76
99.34
100.78
100.40
100.00
99.97
99.14
98.79
100.07
99.53
100.11
99.78
100.19
100.16
100.71
99.97
100.42
100.33
98.95
98.98
98.86
98.96
100.33
100.33
100.11
99.57
99.57
100.17
100.00
100.00
99.92
99.88
99.97
99.27
99.15
99.55
99.57
99.64
99.62
99.48
99.57
99.36
99.41
98.50
98.39
99.26
99.08
100.07
99.98
99.72
99.67
100.21
99.93
100.57
100.47
100.56
100.23
100.50
100.28
100.57
100.37
100.00
100.11
99.85
99.72
99.88
98.96
98.70
99.66
99.92
100.37
100.28
100.59
100.59
100.54
99.92
99.92
100.00
99.34
99.21
100.14
99.93
100.09
99.85
99.01
98.88
98.82
98.20
99.29
99.08
99.17
98.84
99.08
99.05
98.84
98.55
99.19
99.12
98.89
100.04
99.83
99.57
99.41
99.05
99.10
99.78
100.11
99.97
99.72
100.52
100.45
100.16
99.93
99.08
99.27
99.08
98.82
99.67
99.38
100.45
100.09
100.28
100.07
99.79
99.88
99.97
99.95
99.85
99.92
100.05
99.60
99.53
99.92
100.07
99.33
99.21
98.91
98.79
98.56
98.79
99.57
99.40
99.86
99.59
99.52
99.43
100.42
100.12
100.50
100.30
100.33
100.56
100.68
100.43
99.50
99.26
99.69
99.60
99.14
99.22
99.17
98.89
98.96
98.82
98.89
99.12
99.05
99.46
99.31
99.67
99.72
100.24
99.93
100.02
99.66
99.95
99.52
99.59
99.43
99.10
99.14
99.27
99.12
99.26
98.95
100.09
99.83
100.14
99.92
99.88
100.21
100.23
99.27
99.52
99.33
99.12
98.96
99.14
99.45
99.53
99.34
99.34
99.10
98.72
100.63
100.23
98.67
98.55
98.53
98.48
98.51
98.13
99.19
98.82
98.96
98.81
99.12
98.96
99.59
99.43
99.26
99.14
99.36
99.01
99.15
98.43
98.65
100.04
99.98
99.38
99.22
98.79
98.79
99.22
98.95
99.64
99.21
100.37
100.59
100.12
100.12
99.38
99.38
100.12
99.78
99.97
99.86
99.34
99.03
99.03
98.95
98.89
100.26
100.43
98.79
98.88
100.26
100.45
99.85
99.92
100.45
100.26
99.72
99.64
99.01
98.69
99.12
98.95
99.79
99.27
100.02
100.14
99.72
99.50
100.24
100.02
98.88
99.05
98.72
98.67
98.70
98.50
98.70
99.03
99.00
99.19
99.14
99.15
99.15
98.88
99.05
99.34
99.31
99.01
98.77
98.98
98.91
99.48
99.41
99.66
99.24
99.41
99.14
99.19
99.24
99.55
99.26
100.35
100.31
99.53
99.53
99.50
99.36
98.69
99.71
100.11
100.11
99.85
99.45
99.31
98.95
98.88
99.27
99.21
99.55
99.08
99.45
99.29
99.45
99.40
100.16
99.88
100.30
100.11
99.67
99.66
99.76
99.41
99.59
99.46
99.21
99.17
99.85
99.48
99.55
99.55
99.64
99.36
99.45
98.96
99.15
98.74
98.60
99.43
99.27
99.07
98.93
99.55
99.14
99.53
98.96
99.83
99.88
100.63
100.66
99.69
99.27
100.28
99.92
100.23
100.09
99.90
99.92
99.95
100.07
99.98
99.14
99.36
100.26
100.16
99.29
99.60
99.45
99.55
99.85
99.66
99.64
99.19
100.35
100.52
99.00
98.67
99.45
99.33
100.04
99.78
99.74
99.78
99.43
99.05
99.71
99.79
100.07
99.90
100.05
100.04
100.04
99.71
99.85
100.12
100.19
99.90
99.83
99.52
99.43
99.38
99.46
99.53
99.48
99.38
99.33
99.43
99.43
99.79
99.76
99.69
99.52
99.31
98.93
100.09
99.83
99.95
99.97
100.38
100.21
100.31
99.95
99.48
99.43
99.38
99.34
99.46
99.29
99.33
99.15
99.14
99.22
99.14
99.83
99.31
100.05
99.74
99.33
99.36
100.12
100.14
100.40
99.79
100.69
100.14
99.40
99.38
99.74
99.64
99.62
99.62
99.55
100.07
100.09
99.50
99.57
99.46
99.57
100.16
100.14
99.38
99.74
99.76
99.66
100.42
100.11
100.24
100.31
99.92
99.78
98.74
98.56
99.81
99.53
99.29
99.53
99.50
99.14
100.00
99.98
99.86
99.90
99.57
99.33
99.08
99.21
99.08
99.79
100.07
99.79
99.95
99.55
99.46
100.21
99.93
100.31
100.14
100.47
100.56
100.23
99.79
99.85
99.76
100.31
100.38
99.88
99.93
99.53
99.05
99.95
99.92
99.95
99.83
99.92
100.16
99.98
99.45
99.57
98.50
99.03
98.95
98.81
99.29
99.46
99.00
99.00
99.90
99.45
100.12
99.93
100.49
100.30
100.12
99.88
99.41
99.24
99.67
99.67
99.59
99.31
99.74
99.71
100.40
100.09
100.40
99.55
99.72
99.10
99.08
99.43
99.24
98.41
98.81
99.10
99.10
100.21
99.97
99.46
99.38
99.88
99.48
99.10
98.93
100.54
100.05
100.30
100.56
100.52
100.43
100.09
100.11
100.00
100.07
100.00
99.88
100.17
99.86
100.02
99.38
99.45
99.62
99.46
99.46
99.48
99.53
99.34
99.66
99.46
99.57
99.66
100.47
100.11
100.07
99.17
99.60
99.26
99.48
98.84
100.12
99.88
100.11
100.02
99.36
99.19
99.60
99.59
99.72
99.52
99.60
99.10
98.84
99.21
99.43
99.88
100.02
100.42
100.30
99.57
99.48
99.71
99.64
100.16
99.97
100.33
100.24
99.64
99.52
99.69
99.12
99.48
99.08
99.40
99.34
98.67
98.74
100.05
99.67
99.85
100.00
99.79
99.72
99.48
99.53
99.67
99.55
99.60
100.07
100.05
100.21
100.00
99.93
99.40
99.22
98.91
99.15
99.14
99.57
99.52
99.53
99.52
100.02
99.97
100.05
100.11
99.60
99.34
99.48
99.29
99.53
100.19
100.42
100.11
99.93
99.60
99.26
98.30
98.48
99.31
99.14
100.16
99.67
100.12
99.92
100.04
99.71
99.64
99.26
99.53
99.15
99.52
99.60
99.36
99.05
99.62
100.02
99.45
99.36
99.60
99.55
99.57
99.36
99.34
99.22
99.21
99.41
99.26
100.07
99.50
100.57
100.50
100.05
99.83
100.17
99.78
100.45
100.38
99.74
99.60
99.72
99.43
99.41
99.31
99.17
99.14
99.53
99.43
99.17
98.72
99.07
98.82
98.79
99.27
99.71
99.33
99.22
99.40
99.07
99.62
99.64
100.21
100.19
100.88
100.43
99.98
99.81
100.11
100.05
99.69
99.55
99.93
99.79
99.50
99.36
99.01
98.82
100.12
100.02
99.62
99.55
100.00
99.69
99.69
99.46
99.43
99.83
99.72
99.05
98.72
99.59
99.34
99.98
99.78
99.64
99.53
100.05
99.71
99.78
99.29
99.46
99.15
99.93
99.64
100.12
99.71
99.45
99.12
99.27
99.45
100.19
100.28
99.92
99.40
99.22
99.36
99.19
99.43
99.62
99.36
99.31
99.90
99.81
99.40
99.21
99.88
99.71
99.98
99.72
99.88
100.16
99.88
99.48
100.17
100.09
98.82
99.12
99.69
99.53
99.62
99.19
99.50
99.52
99.72
99.52
99.66
99.43
99.27
99.38
99.00
99.46
99.48
99.92
99.97
99.57
99.53
99.66
99.48
99.24
99.01
99.76
99.21
99.43
99.15
100.05
99.74
100.05
99.83
100.09
99.88
100.59
100.26
100.19
99.29
99.43
99.43
99.53
99.43
99.33
99.43
99.29
99.38
99.31
99.36
99.21
99.90
99.50
99.41
99.34
99.88
99.60
99.66
99.31
99.41
99.34
99.86
99.43
99.38
99.22
99.90
99.29
100.00
99.97
100.52
100.59
100.43
100.09
100.43
99.92
100.04
99.97
99.83
99.93
100.07
99.38
99.46
99.34
98.93
100.19
100.11
99.29
99.31
99.43
99.21
99.27
99.14
99.45
99.45
99.59
98.98
99.46
99.36
99.98
99.95
99.90
99.48
99.46
99.60
99.48
99.62
99.55
99.71
99.69
99.97
99.66
100.31
100.56
99.98
99.88
100.73
100.54
100.30
99.88
99.55
99.40
99.74
99.52
99.66
99.48
99.81
99.53
100.05
99.71
99.43
99.36
99.97
99.83
99.78
100.23
100.38
100.17
100.11
100.12
100.49
100.14
100.07
100.16
99.90
98.98
98.95
99.34
98.96
99.66
99.33
99.59
99.40
99.88
99.52
100.02
100.09
100.54
100.47
100.26
100.23
100.30
100.19
100.43
99.76
99.81
98.84
99.40
99.01
99.34
99.67
99.66
100.05
99.79
99.33
99.00
99.85
99.45
100.50
100.28
100.43
100.50
100.45
100.43
100.11
100.26
100.14
99.93
100.40
100.02
100.24
100.23
99.67
99.69
99.57
99.43
99.34
99.10
99.27
99.15
99.27
99.57
99.46
99.59
99.50
99.93
99.71
100.37
100.35
100.19
99.98
99.93
99.78
100.23
99.93
100.16
99.71
99.41
99.46
99.43
99.36
99.67
99.41
99.72
99.69
99.85
99.83
99.76
100.00
99.71
99.83
100.04
99.40
99.24
99.50
99.66
100.11
99.90
99.41
99.24
99.66
99.48
99.36
99.24
99.74
99.43
100.71
99.93
100.02
100.21
100.37
100.33
100.61
100.35
100.21
99.92
100.16
100.31
100.30
99.83
99.78
99.79
99.86
99.55
99.52
99.79
99.85
99.33
99.17
99.43
99.14
99.12
98.77
99.46
99.59
99.83
99.67
100.24
99.53
100.56
100.30
100.26
100.45
100.21
100.07
100.17
100.02
99.95
100.11
100.09
100.09
99.85
99.74
99.79
99.33
98.93
98.79
98.81
99.79
99.50
99.21
99.19
99.24
99.08
99.53
99.64
99.57
99.36
99.22
98.70
98.95
98.93
99.50
99.33
99.41
99.93
99.45
99.24
99.33
99.43
99.33
99.98
99.79
99.66
99.46
99.12
99.17
99.00
98.88
100.02
99.74
100.09
99.81
98.98
98.74
99.59
99.22
99.31
99.40
99.50
99.15
99.60
99.26
99.08
98.89
99.66
99.27
99.46
99.38
99.29
99.40
99.34
99.81
99.97
100.14
100.02
99.88
99.45
98.89
99.05
99.67
99.55
99.64
99.59
99.24
99.01
99.50
99.27
100.24
99.95
100.23
100.04
99.66
99.60
99.88
99.90
99.92
100.16
99.90
99.64
99.72
98.70
98.88
99.15
99.17
99.43
99.36
99.15
99.22
99.43
99.38
99.78
99.33
99.76
99.72
99.90
99.43
99.03
98.86
99.97
99.78
99.55
99.57
99.12
99.01
99.36
99.26
99.41
99.33
99.29
99.62
99.34
99.36
99.05
98.81
98.86
100.00
99.88
99.64
99.26
99.57
99.27
99.64
99.15
100.11
99.85
100.05
99.95
99.90
99.22
99.53
99.21
99.76
99.62
99.05
99.03
99.14
98.79
99.12
99.40
99.81
99.46
99.52
99.31
99.45
99.60
99.43
99.48
99.33
99.92
99.60
99.01
98.77
99.43
99.19
99.43
99.24
100.02
99.81
99.86
99.83
100.23
100.05
100.40
100.33
100.38
100.14
99.95
99.93
100.33
100.11
99.83
100.26
99.85
99.24
99.40
99.12
98.82
99.17
99.22
99.48
99.38
99.14
99.03
99.08
98.93
100.07
99.81
100.33
99.79
99.95
99.95
100.30
100.14
100.31
99.76
99.55
99.36
99.52
99.38
99.57
99.78
99.76
99.48
99.62
100.05
99.98
99.45
99.33
99.90
99.83
99.95
99.72
99.81
99.66
99.55
99.48
100.24
100.38
99.46
99.19
100.02
99.83
100.00
99.64
100.43
100.16
100.28
100.04
98.70
97.80
98.74
99.88
99.78
99.85
99.64
100.24
100.09
100.02
100.33
100.05
100.04
100.02
100.00
100.42
100.43
99.90
99.46
99.62
99.27
99.69
99.40
99.97
99.71
99.67
99.57
100.38
99.86
100.12
100.00
100.16
100.37
100.07
100.14
100.24
100.42
100.30
99.79
99.72
99.52
99.31
98.24
98.34
99.50
99.53
100.05
99.90
99.10
99.17
99.98
99.97
99.48
99.46
100.40
100.24
99.97
100.14
99.85
99.98
99.72
99.40
100.31
100.11
100.21
99.57
99.31
100.28
100.24
99.90
99.92
98.86
98.95
99.83
99.88
100.21
100.17
100.50
100.83
100.23
100.02
100.12
100.05
99.95
99.72
99.98
99.74
99.33
99.17
100.02
99.55
99.67
99.34
99.31
99.36
99.38
99.93
99.88
100.12
100.17
99.72
99.60
100.33
100.16
99.92
99.88
99.86
99.57
99.83
99.60
100.19
99.93
99.48
99.01
100.04
99.57
100.09
99.90
99.59
99.62
98.96
98.79
99.76
99.48
99.78
99.40
99.40
99.29
99.01
99.08
99.34
99.62
99.67
99.43
99.24
99.01
98.88
99.52
99.36
99.71
99.50
99.72
99.81
99.69
99.40
100.78
100.38
99.93
99.69
99.83
99.92
99.57
99.83
99.98
99.92
99.85
99.81
99.74
98.32
98.43
99.14
99.03
99.00
98.77
98.93
98.95
99.36
98.98
98.89
98.62
99.90
99.83
99.62
99.41
99.79
99.57
100.26
100.16
99.78
99.64
99.53
99.55
99.55
99.29
99.26
99.43
99.03
98.88
99.05
98.95
99.12
98.70
98.72
99.97
99.76
99.48
99.17
99.55
99.53
99.98
99.85
99.60
99.64
99.60
99.67
99.03
98.77
99.21
98.65
99.08
98.88
99.12
99.19
99.41
99.15
100.17
99.95
99.59
99.85
100.07
99.92
99.76
100.09
99.86
100.00
99.43
100.19
100.09
99.21
98.81
98.89
98.81
99.64
99.46
99.52
99.24
99.78
99.40
98.89
98.88
100.09
99.93
99.88
99.55
100.09
99.90
100.07
99.90
99.85
100.19
100.07
99.86
99.78
98.81
98.65
98.75
98.81
98.67
98.46
98.93
98.93
99.26
99.22
99.33
99.24
100.05
99.85
100.19
99.79
100.16
99.78
99.69
99.33
99.98
99.72
99.05
98.81
98.67
99.22
99.33
99.24
99.21
99.40
99.21
99.43
99.17
99.88
99.72
100.02
99.95
100.00
99.92
99.72
99.50
100.17
99.93
99.62
99.57
99.34
99.60
99.29
98.88
99.22
98.98
99.05
98.93
99.41
99.08
98.98
98.96
98.75
100.16
99.97
99.93
100.05
100.35
100.24
100.63
100.75
100.37
100.23
99.92
99.97
100.02
99.90
99.83
99.53
100.07
99.88
100.07
99.97
99.83
99.45
100.42
99.79
100.23
100.37
99.67
99.36
99.38
99.79
99.78
100.30
99.98
100.05
99.74
99.95
99.78
99.48
99.33
99.52
99.57
99.14
99.01
99.31
98.96
100.52
100.57
100.04
99.46
99.90
99.81
100.28
99.90
100.61
100.23
99.79
99.48
100.14
99.69
99.74
99.27
99.34
99.74
100.07
99.88
100.24
99.90
99.78
99.40
99.41
99.90
99.85
100.02
100.12
100.24
100.04
99.98
99.88
100.02
99.92
100.09
99.79
100.33
100.19
98.96
98.98
99.12
98.79
99.10
99.22
99.41
99.31
99.19
100.14
100.09
99.52
99.45
99.57
99.41
99.78
99.85
100.12
100.19
99.26
99.43
100.12
99.78
100.59
99.92
98.96
98.89
98.65
98.55
99.36
98.82
100.23
99.86
99.97
100.24
100.33
100.21
100.30
100.24
99.90
99.78
99.46
99.34
99.41
99.76
99.81
99.71
99.86
99.27
99.46
100.00
99.72
99.57
99.66
99.52
99.67
100.56
100.12
99.38
99.27
100.50
100.24
100.21
99.78
100.21
100.12
100.09
99.72
99.95
100.11
99.86
99.45
99.57
99.52
99.57
99.93
99.88
99.48
99.34
99.66
99.36
100.16
100.09
100.19
99.98
100.05
99.46
100.02
99.90
100.19
99.97
100.40
100.07
99.78
99.55
99.41
99.29
99.57
99.48
99.69
99.43
99.43
99.85
99.85
100.40
100.26
99.72
99.81
100.16
99.98
100.05
99.92
100.14
99.86
99.85
99.38
99.14
98.69
